start=5,1
speed=6
time=1
type=1
bonus=1,2,2,3  
#Wave 1
[0,2,0,0,0.0,1,1][0,2,1,0,1.0,1,1][0,2,2,0,2.0,1,1][0,2,3,0,3.0,1,1][0,2,4,0,4.0,1,1][0,2,5,0,5.0,1,1][0,2,6,0,6.0,1,1][0,2,7,0,7.0,1,1]
[0,2,0,1,0.2,1,1][0,2,1,1,1.2,1,1][0,2,2,1,2.2,1,1][0,2,3,1,3.2,1,1][0,2,4,1,4.2,1,1][0,2,5,1,5.2,1,1][0,2,6,1,6.2,1,1][0,2,7,1,7.2,1,1]
[0,2,0,2,0.4,1,1][0,2,1,2,1.4,1,1][0,2,2,2,2.4,1,1][0,2,3,2,3.4,1,1][0,2,4,2,4.4,1,1][0,2,5,2,5.4,1,1][0,2,6,2,6.4,1,1][0,2,7,2,7.4,1,1]
[0,2,0,3,0.6,1,1][0,2,1,3,1.6,1,1][0,2,2,3,2.6,1,1][0,2,5,3,3.6,1,1][0,2,6,3,4.6,1,1][0,2,7,3,5.6,1,1]
;
tile=Enemy Heart !
start=5,1
speed=7
time=1
type=2
distance=1
bonus=1,2,1,3
#Wave 2
#__0123456_
#0**00*00**
#1*0220220*
#2*0222220*
#3**02220**
#4***020***
#5****0****
[0,4,0,0,0.0,1,0][0,4,1,0,1.0,1,0][0,4,3,0,2.0,1,1][0,4,4,0,3.0,1,1]
[0,4,0,1,0.2,1,0][2,7,1,1,1.2,1,0][2,7,2,1,2.2,1,0][0,4,3,1,3.2,1,0][2,7,4,1,4.0,1,1][2,7,5,1,5.0,1,1][0,4,6,1,6.0,1,1]
[0,4,0,2,0.4,1,0][2,7,1,2,1.4,1,0][2,7,2,2,2.4,1,0][4,15,3,2,3.4,1,1][2,7,4,2,4.2,1,1][2,7,5,2,5.2,1,1][0,4,6,2,6.2,1,1]
[0,4,1,3,0.6,1,0][2,7,2,3,1.6,1,0][5,15,3,3,2.6,1,0][2,7,4,3,3.6,1,1][0,4,5,3,4.6,1,1]
[0,4,2,4,0.8,1,0][2,7,3,4,1.8,1,1][0,4,4,4,2.8,1,1]
[6,20,3,5,1.0,1,0]
;
tile=Enemy Wave!
start=5,-4
speed=6
distance=0.9
time=1
type=1
safe=[0,-3.6]
bonus=0,1,1,2
path=wave
#Wave3
[3,13,0,0,0.0,1,1][3,13,1,0,1.0,1,1][3,13,2,0,2.0,1,1][3,13,3,0,3.0,1,1][3,13,4,0,4.0,1,1][3,13,5,0,5.0,1,1][3,13,6,0,6.0,1,1]
[0,5,0,1,0.2,1,1][0,5,1,1,1.2,1,1][0,5,2,1,2.2,1,1][0,5,3,1,3.2,1,1][0,5,4,1,4.2,1,1][0,5,5,1,5.2,1,1][0,5,6,1,6.2,1,1]
[0,5,0,2,0.4,1,1][0,5,1,2,1.4,1,1][0,5,2,2,2.4,1,1][0,5,3,2,3.4,1,1][0,5,4,2,4.4,1,1][0,5,5,2,5.4,1,1][0,5,6,2,6.4,1,1]
[0,5,0,3,0.6,1,1][0,5,1,3,1.6,1,1][0,5,2,3,2.6,1,1][0,5,3,3,3.6,1,1][0,5,4,3,4.6,1,1][0,5,5,3,5.6,1,1][0,5,6,3,6.6,1,1]
[2,9,0,4,0.8,1,1][2,9,1,4,1.8,1,1][2,9,2,4,2.8,1,1][2,9,3,4,3.8,1,1][2,9,4,4,4.8,1,1][2,9,5,4,5.8,1,1][2,9,6,4,6.8,1,1]
;
tile=Meteorite!
distance=0.9
start=0,-1      
time=1
type=2
thienthach=1
speed=1
bonus=1,1,1,3
unsafe=[0,3.6]
#Wave 4
# 2 khong sap xep theo hang cot
#*1*3*4*5*
#**2*4*6**
#*1011101*
#*3333333*
#*0110110*
[3,2,0,0,1.0,1,0][0,1,1,0,1.0,1,0][0,1,2,0,2.0,1,0][2,6,2,0,4.0,1,0][0,6,3,0,3.3,1,1][0,2,5,0,1.6,1,1][3,6,6,0,2.6,1,1]
[0,1,0,1,1.2,1,0][2,4,1,1,2.2,1,0][1,3,2,1,2.2,1,0][2,5,3,1,4.2,1,0][0,5,2,1,1.4,1,1][1,1,5,1,1.8,1,1][1,5,6,1,2.8,1,1]
[2,3,0,2,1.4,1,0][1,3,1,2,3.0,1,0][2,3,2,2,2.4,1,0][0,5,1,2,1.9,1,1][1,5,4,2,1.0,1,1][3,1,5,2,2.0,1,1][1,5,6,2,3.0,1,1]
[0,1,0,3,1.6,1,0][3,3,1,3,2.6,1,0][3,1,2,3,2.6,1,0][3,5,1,3,5.2,1,1][0,5,4,3,1.2,1,1][1,3,5,3,2.2,1,1][1,5,6,3,3.3,1,1]
[3,3,0,4,2.2,1,0][0,4,1,4,2.8,1,0][1,3,2,4,1.2,1,0][0,5,1,4,5.4,1,1][1,5,4,4,0.2,1,1][1,2,5,4,2.4,1,1][3,6,6,4,3.4,1,1]
;
tile=Double circle!
path=path8,path7
start=5,1
bonus=1,2,2
time=1.3
type=2
speed=7
unsafe=[-2,0][2,0]
distance=1.2
#Wave5
#0*0123456*
#1*0123456*
#2*0123456*
#3*0123456*
[1,10,-1,0,1.2,0.5,1][5,15,0,0,2.2,0.5,1][1,10,1,0,3.2,0.5,1][5,15,2,0,0.8,0.5,0][1,10,3,0,1.8,0.5,0]
[1,10,-1,1,1.4,0.5,1][2,11,0,1,2.4,0.5,1][1,10,1,1,3.4,0.5,1][2,11,2,1,1.0,0.5,0][1,10,3,1,2.0,0.5,0]
[1,10,-1,2,1.6,0.5,1][2,11,0,2,2.6,0.5,1][1,10,1,2,0.2,0.5,0][2,11,2,2,1.2,0.5,0][1,10,3,2,2.2,0.5,0]
[1,10,-1,3,1.8,0.5,1][2,11,0,3,2.8,0.5,1][1,10,1,3,0.4,0.5,0][2,11,2,3,1.4,0.5,0][1,10,3,3,2.4,0.5,0]
[1,10,-1,4,2.0,0.5,1][5,15,0,4,3.0,0.5,1][1,10,1,4,0.6,0.5,0][5,15,2,4,1.6,0.5,0][1,10,3,4,2.6,0.5,0]
;
tile=Star !
start=5,-4
distance=1
speed=8
time=1
type=1
bonus=1,2,3,0
path=star
#Wave 6
[0,6,0,0,0.0,1,1][3,15,1,0,1.0,1,1][0,6,2,0,2.0,1,1][3,15,3,0,3.0,1,1][0,6,3,0,4.0,1,1][3,15,4,0,5.0,1,1][0,6,5,0,6.0,1,1][3,15,6,0,7.0,1,1]
[0,6,0,1,0.2,1,1][0,6,1,1,1.2,1,1][0,6,2,1,2.2,1,1][0,6,3,1,3.2,1,1][0,6,3,1,4.2,1,1][0,6,4,1,5.2,1,1][0,6,5,1,6.2,1,1][3,15,6,1,7.2,1,1]
[0,6,0,2,0.4,1,1][3,15,1,2,1.4,1,1][0,6,2,2,2.4,1,1][3,15,3,2,3.4,1,1][0,6,3,2,4.4,1,1][3,15,4,2,5.4,1,1][0,6,5,2,6.4,1,1][3,15,6,2,7.4,1,1]
[0,6,0,3,0.6,1,1][0,6,1,3,1.6,1,1][0,6,2,3,2.6,1,1][0,6,3,3,3.6,1,1][0,6,3,3,4.6,1,1][3,15,4,3,5.6,1,1][0,6,5,3,6.6,1,1][3,15,6,3,7.6,1,1]
[0,6,0,4,0.8,1,1][5,55,1,4,1.8,1,1][0,6,2,4,2.8,1,1][5,55,3,4,3.8,1,1][0,6,3,4,4.8,1,1][0,6,4,4,5.8,1,1][5,55,5,4,6.8,1,1][3,15,6,4,7.8,1,1]
;
tile=Space 3!
start=5,1
time=1
distance=0.9
speed=4
type=1
bonus=0,1,0,1,2,3
#Wave 7
#0*0123456*
#1*0123456*
#2*0123456*
#3*0123456*
[2,11,0,-1,0,1,1][6,20,2,-1,1.6,1,0][3,11,4,-1,3.2,1,0]
[6,20,-1,1,0.4,1,0][3,11,2,1,2.0,1,1][6,20,5,1,3.6,1,0]
[6,20,0,3,0.8,1,1][6,20,2,3,2.4,1,0][5,15,4,3,4.0,1,0]
[2,30,-1,5,1.2,1,0][2,15,2,5,2.8,1,1][2,30,4,5,4.4,1,0]
;
tile=Enemy Storm!
start=5,1
speed=6
time=1.2
type=1
safe=[0,-3.6]
unsafe=[0,0]
bonus=1,2,1,3
path=twirl    
#Wave 8
[0,6,1,0,1.0,1,1][0,6,2,0,2.0,1,1][0,6,3,0,3.0,1,1][0,6,3,0,4.0,1,1][0,6,4,0,5.0,1,1][0,6,5,0,6.0,1,1]
[0,6,1,1,1.2,1,1][0,6,2,1,2.2,1,1][0,6,3,1,3.2,1,1][0,6,3,1,4.2,1,1][0,6,4,1,5.2,1,1][0,6,5,1,6.2,1,1]
[0,6,1,2,1.4,1,1][0,6,2,2,2.4,1,1][5,40,3,2,3.4,1,1][4,20,3,2,4.4,1,1][0,6,4,2,5.4,1,1][0,6,5,2,6.4,1,1]
[0,6,1,3,1.6,1,1][0,6,2,3,2.6,1,1][0,6,3,3,3.6,1,1][0,6,3,3,4.6,1,1][0,6,4,3,5.6,1,1][0,6,5,3,6.6,1,1]
[0,6,1,4,1.8,1,1][0,6,2,4,2.8,1,1][0,6,3,4,3.8,1,1][0,6,3,4,4.8,1,1][0,6,4,4,5.8,1,1][0,6,5,4,6.8,1,1]
;
boss=1
