#[0] Type
#[1] Health
#[2] dx
#[3] dy
#[4] Delay
#[5] Speed
#[6] Arrow
#[7] Group
################
tile=Enemy Ahihi!
start=5,1
speed=6
time=1
type=1
bonus=2,3,0,2
#Wave 1
[7,4,0,0,0.0,1,1][0,4,1,0,1.0,1,1][7,4,2,0,2.0,1,1][0,4,3,0,3.0,1,1][7,4,4,0,4.0,1,1][0,4,5,0,5.0,1,1][7,4,6,0,6.0,1,1][0,4,7,0,7.0,1,1]
[0,4,0,1,0.2,1,1][7,4,1,1,1.2,1,1][0,4,2,1,2.2,1,1][7,4,3,1,3.2,1,1][0,4,4,1,4.2,1,1][7,4,5,1,5.2,1,1][0,4,6,1,6.2,1,1][7,4,7,1,7.2,1,1]
[7,4,0,2,0.4,1,1][0,4,1,2,1.4,1,1][7,4,2,2,2.4,1,1][0,4,3,2,3.4,1,1][7,4,4,2,4.4,1,1][0,4,5,2,5.4,1,1][7,4,6,2,6.4,1,1][0,4,7,2,7.4,1,1]
[0,4,0,3,0.6,1,1][7,4,1,3,1.6,1,1][0,4,2,3,2.6,1,1][7,4,3,3,3.6,1,1][0,4,4,3,4.6,1,1][7,4,5,3,5.6,1,1][0,4,6,3,6.6,1,1][7,4,7,3,7.6,1,1]
[7,4,0,4,0.8,1,1][0,4,1,4,1.8,1,1][7,4,2,4,2.8,1,1][0,4,3,4,3.8,1,1][7,4,4,4,4.8,1,1][0,4,4,5,5.8,1,1][7,4,6,4,6.8,1,1][0,4,7,4,7.8,1,1]
;
tile=Enemy Fly 111!
distance=1
start=5,1
time=1
type=2
speed=5
bonus=2,2,1,3
#Wave 2
# 2 khong sap xep theo hang cot
#*1*3*4*5*
#**2*4*6**
#*1011101*
#*3333333*
#*0110110*
[3,7,0,0,0.0,1,0][0,6,1,0,1.0,1,0][0,6,2,0,2.0,1,0][0,6,3,0,3.0,1,0][0,6,4,0,0.6,1,1][0,6,5,0,1.6,1,1][3,7,6,0,2.6,1,1]
[2,5,0,1,0.2,1,0][1,5,1,1,1.2,1,0][1,5,2,1,2.2,1,0][1,5,3,1,3.2,1,0][1,5,4,1,0.8,1,1][1,5,5,1,1.8,1,1][1,5,6,1,2.8,1,1]
[2,5,0,2,0.4,1,0][1,5,1,2,1.4,1,0][1,5,2,2,2.4,1,0][1,5,3,2,0.0,1,1][1,5,4,2,1.0,1,1][1,5,5,2,2.0,1,1][1,5,6,2,3.0,1,1]
[2,5,0,3,0.6,1,0][1,5,1,3,1.6,1,0][1,5,2,3,2.6,1,0][1,5,3,3,0.2,1,1][1,5,4,3,1.2,1,1][1,5,5,3,2.2,1,1][1,5,6,3,3.2,1,1]
[7,10,0,4,0.8,1,0][1,5,1,4,1.8,1,0][1,5,2,4,2.8,1,0][1,5,3,4,0.4,1,1][1,5,4,4,1.4,1,1][1,5,5,4,2.4,1,1][7,10,6,4,3.4,1,1]
;
tile=Enemy Fly 111!
distance=1
start=0,0
time=1
type=2
speed=4
bonus=0,1,3
#Wave 3
# 2 khong sap xep theo hang cot
#*1*3*4*5*
#**2*4*6**
#*1011101*
#*3333333*
#*0110110*
[2,11,0,0,3,1,1][2,11,1,0,2,1,1][3,15,2,0,1,1,1][3,15,3,0,0,1,0][2,11,4,0,1,1,0][2,11,5,0,2,1,0]
[2,6,0,1,3,1,1][0, 6,1,1,2,1,1][0, 6,2,1,1,1,1][0, 6,3,1,0,1,0][0, 6,4,1,1,1,0][0,6,5,1,2,1,0]
[1,11,0,2,3,1,1][3,11,1,2,2,1,1][3,15,2,2,1,1,1][3,15,3,2,0,1,0][3,11,4,2,1,1,0][1,11,5,2,2,1,0]
[2,6,0,3,3,1,1][0, 6,1,3,2,1,1][0, 6,2,3,1,1,1][0, 6,3,3,0,1,0][0, 6,4,3,1,1,0][0,6,5,3,2,1,0]
[7,11,0,4,3,1,1][7,11,1,4,2,1,1][5,15,2,4,1,1,1][5,15,3,4,0,1,0][7,11,4,4,1,1,0][7,11,5,4,2,1,0]
;
tile=Enemy Fly 1!
start=5,1
time=1
type=2
speed=5
bonus=0,1,3
#Wave4
# 2 khong sap xep theo hang cot
#*1*3*4*5*
#**2*4*6**
#*1011101*
#*3333333*
#*0110110*
[0,6,1,0,1.0,1,0][0,6,2,0,2.0,1,0][0,6,3,0,3.0,1,0][0,6,4,0,0.6,1,1][0,6,5,0,1.6,1,1]
[6,17,0,1,0.2,1,0][1,5,1,1,1.2,1,0][1,5,2,1,2.2,1,0][1,5,3,1,3.2,1,0][1,5,4,1,0.8,1,1][1,5,5,1,1.8,1,1][6,17,6,1,2.8,1,1]
[1,5,1,2,1.4,1,0][1,5,2,2,2.4,1,0][1,5,3,2,0.0,1,1][1,5,4,2,1.0,1,1][1,5,5,2,2.0,1,1]
[2,5,0,3,0.6,1,0][1,5,1,3,1.6,1,0][1,5,2,3,2.6,1,0][1,5,4,3,1.2,1,1][1,5,5,3,2.2,1,1][1,5,6,3,3.2,1,1]
[2,5,0,4,0.8,1,0][1,5,1,4,1.8,1,0][1,5,2,4,2.8,1,0][6,17,3,4,0.4,1,1][1,5,4,4,1.4,1,1][1,5,5,4,2.4,1,1][1,5,6,4,3.4,1,1]
;
tile=Enemy Run!
start=5,1
time=1
type=1
speed=4
distance=1
bonus=1,1,2,3
#Wave5
# Sap xep theo cot
#*4010104*
#*1142411*
#*1011101*
#*3333333*
#*0110110*
[0,6,0,0,0,1,0][4,15,1,0,0,1,0][0,6,2,0,0,1,0][4,15,3,0,0,1,0][0,6,4,0,0,1,0][4,15,5,0,0,1,0][0,6,6,0,0,1,0]
[0,6,0,1,0,1,1][2,11,1,1,0,1,1][0,6,2,1,0,1,1][2,11,3,1,0,1,1][0,6,4,1,0,1,1][2,11,5,1,0,1,1][0,6,6,1,0,1,1]
[0,6,0,2,2,1,0][4,15,1,2,2,1,0][0,6,2,2,2,1,0][4,15,3,2,2,1,0][0,6,4,2,2,1,0][2,11,5,2,2,1,0][0,6,6,2,2,1,0]
[0,6,0,3,2,1,1][2,11,1,3,2,1,1][0,6,2,3,2,1,1][2,11,3,3,2,1,1][0,6,4,3,2,1,1][4,15,5,3,2,1,1][0,6,6,3,2,1,1]
[0,6,0,4,4,1,0][4,20,1,4,4,1,0][0,6,2,4,4,1,0][4,15,3,4,4,1,0][0,6,4,4,4,1,0][4,20,5,4,4,1,0][0,6,6,4,4,1,0]
;
tile=Enemy Fly 111!
distance=1
start=5,0
time=1
type=2
speed=4
bonus=1,1,4
#Wave 6
# 2 khong sap xep theo hang cot
#*1*3*4*5*
#**2*4*6**
#*1011101*
#*3333333*
#*0110110*
[1,11,0,0,3,1,1][2,11,1,0,2,1,1][3,15,2,0,1,1,1][3,15,3,0,0,1,0][2,11,4,0,1,1,0][1,11,5,0,2,1,0]
[0,6,0,1,3,1,1][0, 6,1,1,2,1,1][0, 6,2,1,1,1,1][0, 6,3,1,0,1,0][0, 6,4,1,1,1,0][0,6,5,1,2,1,0]
[1,11,0,2,3,1,1][2,11,1,2,2,1,1][3,15,2,2,1,1,1][3,15,3,2,0,1,0][2,11,4,2,1,1,0][1,11,5,2,2,1,0]
[0,6,0,3,3,1,1][0, 6,1,3,2,1,1][0, 6,2,3,1,1,1][0, 6,3,3,0,1,0][0, 6,4,3,1,1,0][0,6,5,3,2,1,0]
[1,11,0,4,3,1,1][2,11,1,4,2,1,1][3,15,2,4,1,1,1][3,15,3,4,0,1,0][2,11,4,4,1,1,0][1,11,5,4,2,1,0]
;
tile=Enemy Fly 1!
start=5,1
time=1
type=2
speed=4
#Wave7
#23456*
#1*0123456*
#2*0123456*
#3*0123456*
[1,11,0,0,0.0,1,0][1,11,1,0,0.2,1,0][1,11,2,0,0.4,1,0][1,11,3,0,0.6,1,1][1,11,4,0,0.8,1,1][1,11,5,0,1.0,1,1][1,11,6,0,1.2,1,1]
[2,11,0,1,1.4,1,0][2,11,1,1,1.6,1,0][2,11,2,1,1.8,1,0][2,11,3,1,2.0,1,1][2,11,4,1,2.2,1,1][2,11,5,1,2.4,1,1][2,11,6,1,2.6,1,1]
[0,6,0,2,2.8,1,0][0,6,1,2,3.0,1,0][0,6,2,2,3.2,1,0][0,6,3,2,3.4,1,1][0,6,4,2,3.6,1,1][0,6,5,2,3.8,1,1][0,6,6,2,4.0,1,1]
[3,15,0,3,4.2,1,0][3,15,1,3,4.4,1,0][3,15,2,3,4.6,1,0][3,15,3,3,4.8,1,1][3,15,4,3,5.0,1,1][3,15,5,3,5.2,1,1][3,15,6,3,5.4,1,1]
;  
tile=Enemy Heart !
start=5,1
speed=8
time=1
type=2
distance=0.9
bonus=2,2,0,3
#Wave 8
#__0123456_
#0**00*00**
#1*0220220*
#2*0222220*
#3**02220**
#4***020***
#5****0****
[0,6,1,0,0.0,1,0][0,6,2,0,1.0,1,0][0,6,4,0,2.0,1,1][0,6,5,0,3.0,1,1]
[0,6,0,1,0.2,1,0][0,6,1,1,1.2,1,0][0,6,2,1,2.2,1,0][0,6,3,1,3.2,1,0][0,6,4,1,4.0,1,1][2,7,5,1,5.0,1,1][0,6,6,1,6.0,1,1]
[1,11,0,2,0.4,1,0][1,11,1,2,1.4,1,0][1,11,2,2,2.4,1,0][1,11,3,2,3.4,1,1][1,11,4,2,4.2,1,1][1,11,5,2,5.2,1,1][1,11,6,2,6.2,1,1]
[2,11,1,3,0.6,1,0][2,11,2,3,1.6,1,0][2,11,3,3,2.6,1,0][2,11,4,3,3.6,1,1][2,11,5,3,4.6,1,1]
[3,17,2,4,0.8,1,0][3,17,3,4,1.8,1,1][3,17,4,4,2.8,1,1]
[4,60,3,5,1.0,1,0]
;
tile=Enemy Fly 123!
start=5,1
time=1
speed=5
type=2
distance=1.2
bonus=1,3,1,3,2
#Wave 9
#0*0123456*
#1**12345**
#2***234***
#3****3****
#4**1*3*5**
[2,11,0,0,0,1,0][1,11,1,0,0,1,0][0,6,2,0,0,1,0][0,3,3,0,0,1,0][0,6,4,0,0,1,0][1,11,5,0,0,1,1][2,11,6,0,0,1,0]
[2,11,1,1,1,1,1][1,11,2,1,1,1,1][1,11,3,1,1,1,1][1,5,4,1,1,1,1][1,11,5,1,1,1,1]
[2,11,1,2,2,1,0][6,30,3,2,0,1,0][2,11,5,2,2,1,0]
[3,20,3,3,0,1,1]
[7,30,1,4,0,1,1][7,30,3,4,0,1,1][7,30,5,4,0,1,1]
;
tile=Enemy Heart !
start=5,1
speed=7
time=1
type=2
distance=1
path= path5
bonus=2,2,0,3
#Wave 10
#__0123456_
#0**00*00**
#1*0220220*
#2*0222220*
#3**02220**
#4***020***
#5****0****
[0,11,1,0,0.0,1,0][0,11,2,0,1.0,1,0][0,11,4,0,2.0,1,1][0,11,5,0,3.0,1,1]
[0,11,0,1,0.2,1,0][2,15,1,1,1.2,1,0][2,15,2,1,2.2,1,0][0,11,3,1,3.2,1,0][2,15,4,1,4.0,1,1][2,15,5,1,5.0,1,1][0,11,6,1,6.0,1,1]
[0,11,0,2,0.4,1,0][2,15,1,2,1.4,1,0][2,15,2,2,2.4,1,0][4,20,3,2,3.4,1,1][2,15,4,2,4.2,1,1][2,15,5,2,5.2,1,1][0,11,6,2,6.2,1,1]
[0,11,1,3,0.6,1,0][2,15,2,3,1.6,1,0][2,15,3,3,2.6,1,0][2,15,4,3,3.6,1,1][0,11,5,3,4.6,1,1]
[0,11,2,4,0.8,1,0][2,15,3,4,1.8,1,1][0,11,4,4,2.8,1,1]
[4,35,3,5,1.0,1,0]
;
