#[0] Type
#[1] Health
#[2] dx
#[3] dy
#[4] Delay 
#[5] Speed
#[6] Arrow
#__________
tile=Enemy Run!
start=5,1
time=2.5
distance=1
speed=6
type=0
safe=[0,-3.6]
bonus=1,1,3
#Wave 1
# Sap xep theo cot
#__0123456_
#0*0000000*
#1*1111111*
#2*0000000*
#3*1111111*
#4*0110110*
[0,1,1,0,0.2,1,1][0,1,3,0,0.6,1,1][0,1,5,0,1.0,1,1]
[0,1,1,1,1.0,1,0][0,1,3,1,0.6,1,0][0,1,5,1,0.2,1,0]
[0,1,1,2,0.2,1,1][0,1,3,2,0.6,1,1][0,1,5,2,1.0,1,1]
[0,1,1,3,1.0,1,0][0,1,3,3,0.6,1,0][0,1,5,3,0.2,1,0]
[0,1,1,4,1.2,1,1][0,1,3,4,1.6,1,1][0,1,5,4,2.0,1,1]
;
tile=Enemy Fly!
start=5,-4
distance=1
speed=9
time=1
type=1
bonus=1,1,3
#Wave 2
#__0123456_
#0*2121212*
#1*2121212*
#2*2121212*
#3*2121212*
#4*2121212*
[0,2,1,0,0.4,0.5,0][0,2,2,0,0.2,0.5,0][0,2,3,0,0.0,0.5,1][0,2,4,0,0.2,0.5,1][0,2,5,0,0.4,0.5,1]
[0,2,1,2,0.8,0.5,0][0,2,2,2,0.6,0.5,0][0,2,3,2,0.4,0.5,1][0,2,4,2,0.6,0.5,1][0,2,5,2,0.8,0.5,1]
[0,2,1,4,1.2,0.5,0][0,2,2,4,1.0,0.5,0][0,2,3,4,0.8,0.5,1][0,2,4,4,1.0,0.5,1][0,2,5,4,1.2,0.5,1]
;
tile=Enemy Heart !
start=5,1
speed=8
time=1
type=2
distance=1
bonus=0,1,0
#Wave 3
#__0123456_
#0**00*00**
#1*0220220*
#2*0222220*
#3**02220**
#4***020***
#5****0****
[0,4,1,0,0.0,1,0][0,4,2,0,1.0,1,0][0,4,4,0,2.0,1,1][0,4,5,0,3.0,1,1]
[0,4,0,1,0.2,1,0][0,4,1,1,1.2,1,0][0,4,2,1,2.2,1,0][0,4,3,1,3.2,1,0][0,4,4,1,4.0,1,1][0,4,5,1,5.0,1,1][0,4,6,1,6.0,1,1]
[0,4,0,2,0.4,1,0][0,4,1,2,1.4,1,0][0,4,2,2,2.4,1,0][2,7,3,2,3.4,1,1][0,4,4,2,4.2,1,1][0,4,5,2,5.2,1,1][0,4,6,2,6.2,1,1]
[0,4,1,3,0.6,1,0][0,4,2,3,1.6,1,0][0,4,3,3,2.6,1,0][0,4,4,3,3.6,1,1][0,4,5,3,4.6,1,1]
[0,4,2,4,0.8,1,0][0,4,3,4,1.8,1,1][0,4,4,4,2.8,1,1]
[2,7,3,5,1.0,1,0]
;