tile=Enemy Wave!
path=path5
safe=[0,-3.8]
start=5,1
speed=5
distance=1
time=1
type=2
bonus=1,2,0,2,1
#Wave 1
#0*0123456*
#1*0123456*
#2*0123456*
#3*0123456*
[1,3,0,0,0.0,1,0][1,3,1,0,0.2,1,0][1,3,2,0,0.4,1,0][1,3,3,0,0.6,1,1][1,3,4,0,0.8,1,1][1,3,5,0,1.0,1,1][1,3,6,0,1.2,1,1]
[1,3,0,1,1.4,1,0][1,3,1,1,1.6,1,0][1,3,2,1,1.8,1,0][1,3,3,1,2.0,1,1][1,3,4,1,2.2,1,1][1,3,5,1,2.4,1,1][1,3,6,1,2.6,1,1]
[1,3,0,2,2.8,1,0][1,3,1,2,3.0,1,0][1,3,2,2,3.2,1,0][1,3,3,2,3.4,1,1][1,3,4,2,3.6,1,1][1,3,5,2,3.8,1,1][1,3,6,2,4.0,1,1]
[1,3,0,3,4.2,1,0][1,3,1,3,4.4,1,0][1,3,2,3,4.6,1,0][1,3,3,3,4.8,1,1][1,3,4,3,5.0,1,1][1,3,5,3,5.2,1,1][1,3,6,3,5.4,1,1]
;
tile=Enemy Wave2!
path=path5
safe=[0,-3.8]
start=5,1
speed=5
distance=1
time=1
type=2
bonus=1,3,0,2,1
#Wave 2
#0*0123456*
#1*0123456*
#2*0123456*
#3*0123456*
[2,5,0,0,0.0,1,0][2,5,1,0,0.2,1,0][2,5,2,0,0.4,1,0][2,5,3,0,0.6,1,1][2,5,4,0,0.8,1,1][2,5,5,0,1.0,1,1][2,5,6,0,1.2,1,1]
[2,5,0,1,1.4,1,0][2,5,1,1,1.6,1,0][2,5,2,1,1.8,1,0][2,5,3,1,2.0,1,1][2,5,4,1,2.2,1,1][2,5,5,1,2.4,1,1][2,5,6,1,2.6,1,1]
[2,5,0,2,2.8,1,0][2,5,1,2,3.0,1,0][2,5,2,2,3.2,1,0][2,5,3,2,3.4,1,1][2,5,4,2,3.6,1,1][2,5,5,2,3.8,1,1][2,5,6,2,4.0,1,1]
[2,5,0,3,4.2,1,0][2,5,1,3,4.4,1,0][2,5,2,3,4.6,1,0][2,5,3,3,4.8,1,1][2,5,4,3,5.0,1,1][2,5,5,3,5.2,1,1][2,5,6,3,5.4,1,1]
;
tile=Enemy Wave3!
path=path5
safe=[0,-3.8]
start=5,1
speed=5
distance=1
time=1
type=2
bonus=1,3,0,2,1
#Wave 3
#0*0123456*
#1*0123456*
#2*0123456*
#3*0123456*
[3,9,0,0,0.0,1,0][3,9,1,0,0.2,1,0][3,9,2,0,0.4,1,0][3,9,3,0,0.6,1,1][3,9,4,0,0.8,1,1][3,9,5,0,1.0,1,1][3,9,6,0,1.2,1,1]
[3,9,0,1,1.4,1,0][3,9,1,1,1.6,1,0][3,9,2,1,1.8,1,0][3,9,3,1,2.0,1,1][3,9,4,1,2.2,1,1][3,9,5,1,2.4,1,1][3,9,6,1,2.6,1,1]
[3,9,0,2,2.8,1,0][3,9,1,2,3.0,1,0][3,9,2,2,3.2,1,0][3,9,3,2,3.4,1,1][3,9,4,2,3.6,1,1][3,9,5,2,3.8,1,1][3,9,6,2,4.0,1,1]
[3,9,0,3,4.2,1,0][3,9,1,3,4.4,1,0][3,9,2,3,4.6,1,0][3,9,3,3,4.8,1,1][3,9,4,3,5.0,1,1][3,9,5,3,5.2,1,1][3,9,6,3,5.4,1,1]
;
tile=Meteorite!
start=0,-1      
time=1
type=2
thienthach=1
speed=1
bonus=2,3,2,3
unsafe=[0,3.6]
#Wave 4 
# 2 khong sap xep theo hang cot
#*1*3*4*5*
#**2*4*6**
#*1011101*
#*3333333*
#*0110110*
[3,2,0,0,1.0,1,0][3,7,1,0,1.0,1,0][2,5,2,0,2.0,1,0][2,6,2,0,4.0,1,0][0,6,3,0,3.3,1,1][0,2,5,0,1.6,1,1][3,10,6,0,2.6,1,1]
[0,17,0,1,1.2,1,0][2,8,1,1,2.2,1,0][1,8,2,1,2.2,1,0][2,14,3,1,4.2,1,0][3,7,2,1,1.4,1,1][1,15,5,1,1.8,1,1][1,5,6,1,2.8,1,1]
[2,3,0,2,1.4,1,0][1,9,1,2,3.0,1,0][2,12,2,2,2.4,1,0][3,5,1,2,1.9,1,1][1,15,4,2,1.0,1,1][3,1,5,2,2.0,1,1][2,5,6,2,3.0,1,1]
[2,1,0,3,1.6,1,0][3,10,1,3,2.6,1,0][3,15,2,3,2.6,1,0][0,5,1,3,5.2,1,1][0,5,4,3,1.2,1,1][1,14,5,3,2.2,1,1][3,17,6,3,3.3,1,1]
[2,3,0,4,2.2,1,0][0,11,1,4,2.8,1,0][1,3,2,4,1.2,1,0][1,5,1,4,5.4,1,1][2,5,4,4,0.2,1,1][0,7,5,4,2.4,1,1][3,6,6,4,3.4,1,1]
[2,3,0,5,2.2,1,0][0,11,1,5,2.8,1,0][1,3,2,5,1.2,1,0][1,5,1,5,5.4,1,1][2,5,4,5,0.2,1,1][0,7,5,5,2.4,1,1][3,6,6,5,3.4,1,1]
;
tile=Meteorite!
distance=1
start=0,-1      
time=1
type=2
thienthach=1
speed=1
bonus=0,1,1,3
unsafe=[0,3.6]
#Wave 5
# 2 khong sap xep theo hang cot
#*1*3*4*5*
#**2*4*6**
#*1011101*
#*3333333*
#*0110110*
[3,2,0,0,1.0,1,0][3,7,1,0,1.0,1,0][2,5,2,0,2.0,1,0][2,6,2,0,4.0,1,0][0,6,3,0,3.3,1,1][0,2,5,0,1.6,1,1][3,10,6,0,2.6,1,1]
[0,17,0,1,1.2,1,0][3,8,1,1,2.2,1,0][1,8,2,1,2.2,1,0][2,14,3,1,4.2,1,0][3,7,2,1,1.4,1,1][1,15,5,1,1.8,1,1][1,5,6,1,2.8,1,1]
[2,3,0,2,1.4,1,0][1,9,1,2,3.0,1,0][2,12,2,2,2.4,1,0][3,5,1,2,1.9,1,1][1,15,4,2,1.0,1,1][3,1,5,2,2.0,1,1][2,5,6,2,3.0,1,1]
[2,1,0,3,1.6,1,0][1,10,1,3,2.6,1,0][3,15,2,3,2.6,1,0][0,5,1,3,5.2,1,1][1,5,4,3,1.2,1,1][2,14,5,3,2.2,1,1][3,17,6,3,3.3,1,1]
[1,16,0,4,2.2,1,0][2,11,1,4,2.8,1,0][3,60,2,4,1.2,1,0][1,5,1,4,5.4,1,1][2,5,4,4,0.2,1,1][3,7,5,4,2.4,1,1][0,6,6,4,3.4,1,1]
;
tile=Meteorite!
distance=1
start=0,-1      
time=1
type=2
thienthach=1
speed=1
bonus=0,1,1,3
unsafe=[0,3.6]
#Wave 6
# 2 khong sap xep theo hang cot
#*1*3*4*5*
#**2*4*6**
#*1011101*
#*3333333*
#*0110110*
[3,2,0,0,1.0,1,0][3,7,1,0,1.0,1,0][2,5,2,0,2.0,1,0][2,6,2,0,4.0,1,0][0,6,3,0,3.3,1,1][0,2,5,0,1.6,1,1][3,10,6,0,2.6,1,1]
[0,17,0,1,1.2,1,0][3,40,1,1,2.2,1,0][1,8,2,1,2.2,1,0][2,14,3,1,4.2,1,0][3,7,2,1,1.4,1,1][1,15,5,1,1.8,1,1][1,5,6,1,2.8,1,1]
[2,3,0,2,1.4,1,0][1,9,1,2,3.0,1,0][2,12,2,2,2.4,1,0][3,15,1,2,1.9,1,1][1,30,4,2,1.0,1,1][3,40,2,5,2.0,1,1][2,5,6,2,3.0,1,1]
[2,1,0,3,1.6,1,0][1,10,1,3,2.6,1,0][3,15,2,3,2.6,1,0][0,5,1,3,5.2,1,1][1,5,4,3,1.2,1,1][2,14,5,3,2.2,1,1][3,17,6,3,3.3,1,1]
[3,4,0,4,2.2,1,0][2,11,1,4,2.8,1,0][3,3,2,4,1.2,1,0][1,5,1,4,5.4,1,1][2,60,4,4,0.2,1,1][3,7,5,4,2.4,1,1][3,16,6,4,3.4,1,1]
;
tile=Meteorite!
distance=1
start=0,-1      
time=1
type=2
thienthach=1
speed=1
bonus=0,1,1,3
unsafe=[0,3.6]
#Wave 6
# 2 khong sap xep theo hang cot
#*1*3*4*5*
#**2*4*6**
#*1011101*
#*3333333*
#*0110110*
[3,2,0,0,1.0,1,0][3,7,1,0,1.0,1,0][2,5,2,0,2.0,1,0][2,6,2,0,4.0,1,0][0,6,3,0,3.3,1,1][0,2,5,0,1.6,1,1][3,10,6,0,2.6,1,1]
[0,17,0,1,1.2,1,0][3,8,1,1,2.2,1,0][1,8,2,1,2.2,1,0][2,14,3,1,4.2,1,0][3,20,2,1,1.4,1,1][1,15,5,1,1.8,1,1][1,5,6,1,2.8,1,1]
[2,3,0,2,1.4,1,0][1,9,1,2,3.0,1,0][2,12,2,2,2.4,1,0][3,15,1,2,1.9,1,1][1,15,4,2,1.0,1,1][3,1,5,2,2.0,1,1][2,5,6,2,3.0,1,1]
[2,1,0,3,1.6,1,0][1,10,1,3,2.6,1,0][3,30,2,3,2.6,1,0][0,5,1,3,5.2,1,1][1,5,4,3,1.2,1,1][2,14,5,3,2.2,1,1][3,17,6,3,3.3,1,1]
[3,16,0,4,2.2,1,0][2,11,1,4,2.8,1,0][3,3,2,4,1.2,1,0][1,5,1,4,5.4,1,1][2,5,4,4,0.2,1,1][3,7,5,4,2.4,1,1][3,16,6,4,3.4,1,1]
;
tile=Enemy Space!
start=5,1
time=1
speed=1
type=1
bonus=0,1,0,1,2,3
#Wave 7
#0*0123456*
#1*0123456*
#2*0123456*
#3*0123456*
[3,13,1,1,0,1,1][7,20,3,1,1.6,1,0][3,13,5,1,3.2,1,0]
[6,15,3,3,0.4,1,0][6,15,2,3,2.0,1,1][6,15,5,6,3.6,1,0]
[6,15,1,4,0.8,1,1][6,15,0,4,2.4,1,0][6,15,3,6,4.0,1,0]
[3,13,2,4,1.2,1,0][7,20,3,4,2.8,1,1][3,13,0,6,4.4,1,0]
;
tile=Enemy Run!
start=5,1
time=2
type=1
speed=5
save=[0,-3.6]
path=bottom_1,bottom_2
bonus=0,2,1,4
#Wave8
# Sap xep theo cot
#*0000000*
#*1111111*
#*0000000*
#*1111111*
#*0110110*
[3,8,0,0,0.0,1,1][3,8,1,0,1.0,1,1][3,8,2,0,2.0,1,1][3,8,3,0,3.0,1,1][3,8,4,0,0.6,1,0][3,8,5,0,2.6,1,0][3,5,8,6,0,3.6,1,0]
[7,10,0,1,0.2,1,1][7,10,1,1,1.2,1,1][7,10,2,1,2.2,1,1][7,10,3,1,3.2,1,1][7,10,4,1,0.8,1,0][7,10,5,1,2.8,1,0][7,10,6,1,3.8,1,0]
[3,8,0,2,0.4,1,1][3,8,1,2,1.4,1,1][3,8,2,2,2.4,1,1][3,8,3,2,0.0,1,0][3,8,4,2,2.0,1,0][3,8,5,2,3.0,1,0][3,8,6,2,4.0,1,0]
[7,10,0,3,0.6,1,1][7,10,1,3,1.6,1,1][7,10,2,3,2.6,1,1][7,10,3,3,0.2,1,0][7,10,4,3,2.2,1,0][7,10,5,3,3.2,1,0][7,10,6,3,4.2,1,0]
[3,8,0,4,0.8,1,1][3,8,1,4,1.8,1,1][3,8,2,4,2.8,1,1][3,8,3,4,0.4,1,0][3,8,4,4,2.4,1,0][3,8,5,4,3.4,1,0][3,8,6,4,4.4,1,0]
;
tile=Enemy Fly 123!
start=5,1
time=1
speed=5
type=2
bonus=1,2,1,3,2
safe=[0,-3.6]
#Wave 9
#0*0123456*
#1**12345**
#2***234***
#3****3****
#4**1*3*5**
[2,10,0,0,0,1,0][3,15,1,0,0,1,0][3,15,2,0,0,1,0][3,15,3,0,0,1,0][3,15,4,0,0,1,0][3,15,5,0,0,1,1][2,10,6,0,0,1,0]
[2,10,1,1,1,1,1][3,15,2,1,1,1,1][3,15,3,1,1,1,1][3,15,4,1,1,1,1][2,10,5,1,1,1,1]
[2,10,2,2,2,1,0][0,3,3,2,2,1,0][2,10,4,2,2,1,0]
[7,100,3,3,3,1,1]
[6,25,0,4,4.2,1,0][2,10,1,4,4.2,1,0][3,15,2,4,4.2,1,0][2,10,4,4,4.2,1,1]2,10,5,6,4.2,1,1][6,25,6,4,4.2,1,1]
;
tile=Enemy Go!
start=5,1
time=1
type=2
speed=5
bonus=1,2,3,4,1,2
#Wave10
#0**12*45**
#1*0123456*
#2*0123456*
#3**12345**
#4***234***
#5****3****
[4,18,1,0,0,1,1][1,7,2,0,0,1,1][1,7,4,0,0,1,1][4,18,5,0,0,1,1]
[0,6,0,1,0,1,1][1,7,1,1,0,1,1][0,4,2,1,0,1,1][7,20,3,1,0,1,1][0,4,4,1,0,1, 1][1,7,5,1,0,1, 1][0,4,6,1,0,1, 1]
[1,7,0,2,0,1,1][0,4,1,2,0,1,1][1,7,2,2,0,1,1][0,4,3,2,0,1,1][1,7,4,2,0,1, 1][0,4,5,2,0,1, 1][1,7,6,2,0,1, 1]
[3,12,1,3,0,1,1][0,4,2,3,0,1,1][1,7,3,3,0,1,1][0,4,3,0,0,1,1][3,12,5,3,0,1, 1]
[1,7,2,4,0,1,1][0,4,3,4,0,1,1][1,7,4,4,0,1,1]
[7,20,3,5,0,1,1]
;
