tile=Enemy flyin !
start=5,1
speed=7
time=1
type=2
distance=1
bonus=2,2,0,3
#Wave 1
[3,4,0,0,0.0,1,1][3,4,1,0,1.0,1,1][3,4,2,0,2.0,1,1][3,4,3,0,3.0,1,1][3,4,3,0,4.0,1,1][3,4,4,0,5.0,1,1][3,4,5,0,6.0,1,1][3,4,6,0,7.0,1,1]
[3,4,1,1,1.2,1,1][3,4,2,1,2.2,1,1][3,4,3,1,3.2,1,1][3,4,3,1,4.2,1,1][3,4,4,1,5.2,1,1][3,4,5,1,6.2,1,1]
[3,4,2,2,2.4,1,1][3,4,3,2,3.4,1,1][3,4,3,2,4.4,1,1][3,4,4,2,5.4,1,1]
[3,4,3,3,3.6,1,1][3,4,3,3,4.6,1,1]
[3,4,0,4,0.8,1,1][3,4,1,4,1.8,1,1][3,4,2,4,2.8,1,1][3,4,3,4,3.8,1,1][3,4,3,4,4.8,1,1][3,4,4,4,5.8,1,1][3,4,5,4,6.8,1,1][3,4,6,4,7.8,1,1]
;
tile= Mix!
start=5,1
time=1
speed=6
type=1
bonus=1,1,0,1,2,3
#Wave 2
#0*0123456*
#1*0123456*
#2*0123456*
#3*0123456*
[2,11,1,1,0,1,1][6,15,3,1,1.6,1,0][3,11,5,1,3.2,1,0]
[6,15,3,3,0.4,1,0][3,11,2,3,2.0,1,1][6,15,5,6,3.6,1,0]
[5,12,1,4,0.8,1,1][6,15,0,4,2.4,1,0][5,12,3,6,4.0,1,0]
[6,15,2,4,1.2,1,0][4,15,3,4,2.8,1,1][6,20,0,6,4.4,1,0]
;
start=5,1
bonus=1,2,2,0,1
time=1
type=2
speed=4
bonus=1,2,0,3
#Wave3
#0*0123456*
#1*0123456*
#2*0123456*
#3*0123456*
[3,15,0,0,0.0,1,1][0,5,1,0,1.0,1,1][0,5,2,0,2.0,1,1][0,5,3,0,3.0,1,1][0,5,4,0,4.0,1,1][0,5,5,0,5.2,1,1][3,15,6,0,6.2,1,1]
[1,5,0,1,0.2,1,1][1,5,1,1,1.2,1,1][1,5,2,1,2.2,1,1][1,5,3,1,3.2,1,1][1,5,4,1,4.2,1,1][1,5,5,1,5.4,1,1][1,5,6,1,6.4,1,1]
[3,15,0,2,0.4,1,1][3,15,1,2,1.4,1,1][3,15,2,2,2.4,1,1][3,15,3,2,3.4,1,1][3,15,4,2,4.6,1,1][3,15,5,2,5.6,1,1][3,15,6,2,6.6,1,1]
[1,5,0,3,0.6,1,1][1,5,1,3,1.6,1,1][1,5,2,3,2.6,1,1][1,5,3,3,3.6,1,1][1,5,4,3,4.8,1,1][1,5,5,3,5.8,1,1][1,5,6,3,6.8,1,1]
[3,15,0,4,0.8,1,1][0,5,1,4,1.8,1,1][8,15,2,4,2.8,1,1][0,5,3,4,3.8,1,1][8,15,4,4,5,1,1][0,5,5,4,6.0,1,1][3,15,6,4,7,1,1]
;
tile=Enemy Heart !
start=5,1
speed=5
time=1
type=2
distance=1
path= path5
bonus=1,2,0,3
#Wave 4
#__0123456_
#0**00*00**
#1*0220220*
#2*0222220*
#3**02220**
#4***020***
#5****0****
[7,15,1,0,0.0,1,0][0,4,2,0,1.0,1,0][0,4,4,0,2.0,1,1][7,15,5,0,3.0,1,1]
[3,9,0,1,0.2,1,0][2,7,1,1,1.2,1,0][2,7,2,1,2.2,1,0][0,4,3,1,3.2,1,0][2,7,4,1,4.0,1,1][2,7,5,1,5.0,1,1][3,9,6,1,6.0,1,1]
[3,9,0,2,0.4,1,0][2,7,1,2,1.4,1,0][2,7,2,2,2.4,1,0][4,15,3,2,3.4,1,1][2,7,4,2,4.2,1,1][2,7,5,2,5.2,1,1][3,9,6,2,6.2,1,1]
[3,9,1,3,0.6,1,0][2,7,2,3,1.6,1,0][2,7,3,3,2.6,1,0][2,7,4,3,3.6,1,1][3,9,5,3,4.6,1,1]
[3,9,2,4,0.8,1,0][2,7,3,4,1.8,1,1][3,9,4,4,2.8,1,1]
[8,50,3,5,1.0,1,0]
;
tile=Iron Enemy!
start=5,1
time=1
speed=7
type=1
bonus=1,1,2
attack=true
#Wave 5
#0*0123456*
#1*0123456*
#2*0123456*
#3*0123456*
[8,40,3,0,1,1,1]
[8,40,1,1,1,1,1][8,40,5,1,1,1,0]
[8,40,3,2,1,1,1]
[8,40,1,3,1,1,1][8,40,5,3,1,1,0]
[8,40,3,4,1,1,1]
;
tile=Enemy Space!
start=5,1
time=1
speed=7
type=1
bonus=0,1,2
attack=true
safe=[0,-3.6]
#Wave 6
#0*0123456*
#1*0123456*
#2*0123456*
#3*0123456*
[6,15,3,0,1,1,1]
[6,15,1,1,1,1,1][6,15,5,1,1,1,0]
[8,40,3,2,1,1,1]
[6,15,1,3,1,1,1][6,15,5,3,1,1,0]
[6,15,3,4,1,1,1]
;
tile=Meteorite!
distance=1
start=0,-1      
time=1
type=2
thienthach=1
speed=1
bonus=2,3,2,3
#Wave 7
# 2 khong sap xep theo hang cot
#*1*3*4*5*
#**2*4*6**
#*1011101*
#*3333333*
#*0110110*
[0,1,1,0,1.0,1,0][2,5,2,0,2.0,1,0][2,6,2,0,4.0,1,0][0,6,3,0,3.3,1,1][0,2,5,0,1.6,1,1][3,6,6,0,2.6,1,1]
[2,4,1,1,2.2,1,0][2,5,3,1,4.2,1,0][3,70,2,1,1.4,1,1][1,1,5,1,1.8,1,1][1,5,6,1,2.8,1,1]
[2,3,0,2,1.4,1,0][1,3,1,2,3.0,1,0][2,3,2,2,2.4,1,0][0,5,1,2,1.9,1,1][1,5,4,2,1.0,1,1][3,1,5,2,2.0,1,1][1,20,6,2,3.0,1,1]
[0,1,0,3,1.6,1,0][3,3,1,3,2.6,1,0][3,5,1,3,5.2,1,1][0,5,4,3,1.2,1,1][1,3,5,3,2.2,1,1][1,5,6,3,3.3,1,1]
[3,40,0,4,2.2,1,0][2,5,1,4,2.8,1,0][1,3,2,4,1.2,1,0][3,30 ,1,4,5.4,1,1][1,5,4,4,0.2,1,1][3,7,5,4,2.4,1,1]
[3,3,0,5,2.2,1,0][2,5,1,5,2.8,1,0][0,5,1,5,5.4,1,1][1,5,4,5,0.2,1,1][3,7,5,5,2.4,1,1][3,6,6,5,3.4,1,1]
[2,3,0,6,1.4,1,0][2,3,2,6,2.4,1,0][0,5,1,6,1.9,1,1][1,5,4,6,1.0,1,1][3,1,5,6,2.0,1,1][1,5,6,6,3.0,1,1]
;
start=5,1
time=1
speed=7
type=1
distance=1
bonus=1,1,2
attack=true
#Wave 8
#0*0123456*
#1*0123456*
#2*0123456*
#3*0123456*
[8,40,0,0,1,1,1][3,25,2,0,1,1,1][3,25,3,0,1,1,1][8,40,5,0,1,1,1]
[8,40,0,2,1,1,1][3,25,2,2,1,1,1][3,25,3,2,1,1,1][8,40,5,2,1,1,1]
[8,40,0,4,1,1,1][3,25,2,4,1,1,1][3,25,3,4,1,1,1][8,40,5,4,1,1,1]
;
tile=Enemy heart!
start=5,1
time=1
type=2
speed=3
bonus=1,2,3,4,1,2
#Wave 9
#0**12*45**
#1*0123456*
#2*0123456*
#3**12345**
#4***234***
#5****3****
[3,25,1,0,0,1,1][1,10,2,0,0,1,1][1,10,4,0,0,1,1][3,25,5,0,0,1,1]
[0,9,0,1,0,1,1][1,10,1,1,0,1,1][0,9,2,1,0,1,1][3,15,3,1,0,1,1][0,9,4,1,0,1, 1][1,10,5,1,0,1, 1][0,9,6,1,0,1, 1]
[1,10,0,2,0,1,1][0,9,1,2,0,1,1][1,10,2,2,0,1,1][0,9,3,2,0,1,1][1,10,4,2,0,1, 1][0,9,5,2,0,1, 1][1,10,6,2,0,1, 1]
[3,25,1,3,0,1,1][0,9,2,3,0,1,1][1,10,3,3,0,1,1][0,9,3,0,0,1,1][3,25,5,3,0,1, 1]
[1,10,2,4,0,1,1][0,9,3,4,0,1,1][1,10,4,4,0,1,1]
[7,30,3,5,0,1,1]
;
tile=Enemy Storm!
start=5,1
time=1
type=1
speed=7
distance=1
path=twirl
bonus=1,1,4
unsafe=[0,0]
#Wave 10
# 2 khong sap xep theo hang cot
#*1*3*4*5*
#**2*4*6**
#*1011101*
#*3333333*
#*0110110*
[4,30,0,0,1.0,1,0][2,15,1,0,1.8,1,0][4,30,2,0,2.6,1,0][2,15,3,0,3.4,1,1][4,30,4,0,4.2,1,1][2,15,5,0,5.2,1,1][4,30,6,0,6.0,1,1]
[2,15,0,1,1.2,1,0][5,15,1,1,2.0,1,0][2,15,2,1,2.8,1,0][5,15,3,1,3.6,1,1][2,15,4,1,4.6,1,1][5,15,5,1,5.4,1,1][2,15,6,1,6.2,1,1]
[3,25,0,2,1.4,1,0][2,15,1,2,2.2,1,0][3,25,2,2,3.0,1,0][2,15,3,2,3.8,1,1][3,25,4,2,4.8,1,1][2,15,5,2,5.6,1,1][3,25,6,2,6.4,1,1]
[2,15,0,3,1.6,1,0][3,25,1,3,2.4,1,0][2,15,2,3,3.2,1,0][3,15,3,3,4.0,1,1][2,15,4,3,5.0,1,1][3,25,5,3,5.8,1,1][2,15,6,3,6.6,1,1]
;
tile=Enemy Fly 123!
start=5,1
time=1
speed=5
type=2
distance=1.2
bonus=1,3,1,3,2
#Wave 11
#0*0123456*
#1**12345**
#2***234***
#3****3****
#4**1*3*5**
[2,20,0,0,0,1,0][3,30,1,0,0,1,0][0,6,2,0,0,1,0][0,3,3,0,0,1,0][0,6,4,0,0,1,0][1,11,5,0,0,1,1][2,20,6,0,0,1,0]
[2,20,1,1,1,1,1][1,11,2,1,1,1,1][1,11,3,1,1,1,1][1,5,4,1,1,1,1][2,20,5,1,1,1,1]
[2,20,1,2,2,1,0][6,60,3,2,0,1,0][2,20,5,2,2,1,0]
[3,30,3,3,0,1,1]
[4,40,1,4,0,1,1][4,40,3,4,0,1,1][4,40,5,4,0,1,1]
;
tile=Enemy Heart !
start=5,1
speed=7
time=1
type=2
distance=1
path= path5
bonus=2,2,0,3
#Wave 12
#__0123456_
#0**00*00**
#1*0220220*
#2*0222220*
#3**02220**
#4***020***
#5****0****
[3,25,1,0,0.0,1,0][3,25,2,0,1.0,1,0][3,25,4,0,2.0,1,1][3,25,5,0,3.0,1,1]
[3,25,0,1,0.2,1,0][2,22,1,1,1.2,1,0][2,22,2,1,2.2,1,0][3,25,3,1,3.2,1,0][2,22,4,1,4.0,1,1][2,22,5,1,5.0,1,1][3,25,6,1,6.0,1,1]
[3,25,0,2,0.4,1,0][2,22,1,2,1.4,1,0][2,22,2,2,2.4,1,0][4,15,3,2,3.4,1,1][2,22,4,2,4.2,1,1][2,22,5,2,5.2,1,1][3,25,6,2,6.2,1,1]
[3,25,1,3,0.6,1,0][2,22,2,3,1.6,1,0][2,22,3,3,2.6,1,0][2,22,4,3,3.6,1,1][3,25,5,3,4.6,1,1]
[3,25,2,4,0.8,1,0][2,22,3,4,1.8,1,1][0,4,4,4,2.8,1,1]
[6,50,3,5,1.0,1,0]
;
start=5,1
speed=4
time=1
type=2
distance=1
path= path5
bonus=2,2,0,3
#Wave 13
#__0123456_
#0*2121212*
#1*2121212*
#2*2121212*
#3*2121212*
#4*3121213*
[7,18,0,0,0.2,0.5,1][1,10,1,0,0.2,0.5,0][2,11,2,0,1.2,0.5,1][1,10,3,0,1.2,0.5,0][2,11,4,0,2.2,0.5,1][1,10,5,0,2.2,0.5,0][7,18,6,0,3.2,0.5,1]
[7,18,0,1,0.4,0.5,1][1,10,1,1,0.4,0.5,0][2,11,2,1,1.4,0.5,1][1,10,3,1,1.4,0.5,0][2,11,4,1,2.4,0.5,1][1,10,5,1,2.4,0.5,0][7,18,6,1,3.4,0.5,1]
[7,18,0,2,0.6,0.5,1][1,10,1,2,0.6,0.5,0][2,11,2,2,1.6,0.5,1][1,10,3,2,1.6,0.5,0][2,11,4,2,2.6,0.5,1][1,10,5,2,2.6,0.5,0][7,18,6,2,3.6,0.5,1]
[7,18,0,3,0.8,0.5,1][1,10,1,3,0.8,0.5,0][2,11,2,3,1.8,0.5,1][1,10,3,3,1.8,0.5,0][2,11,4,3,2.8,0.5,1][1,10,5,3,2.8,0.5,0][7,18,6,3,3.8,0.5,1]
[3,15,0,4,1.0,0.5,1][1,10,1,4,1.0,0.5,0][2,11,2,4,2.0,0.5,1][1,10,3,4,2.0,0.5,0][2,11,4,4,3.0,0.5,1][1,10,5,4,3.0,0.5,0][3,15,6,4,4.0,0.5,1]
;
tile=Enemy Storm2!
start=5,1
time=1
type=1
speed=7
distance=1
path=twirl
#Wave 14
# 2 khong sap xep theo hang cot
#*1*3*4*5*
#**2*4*6**
#*1011101*
#*3333333*
#*0110110*
[8,30,0,0,1.0,1,0][8,30,1,0,1.8,1,0][8,30,2,0,2.6,1,0][8,30,3,0,3.4,1,1][8,30,4,0,4.2,1,1][8,30,5,0,5.2,1,1][8,30,6,0,6.0,1,1]
[8,30,0,1,1.2,1,0][8,30,1,1,2.0,1,0][8,30,2,1,2.8,1,0][8,30,3,1,3.6,1,1][8,30,4,1,4.6,1,1][8,30,5,1,5.4,1,1][8,30,6,1,6.2,1,1]
[8,30,0,2,1.4,1,0][8,30,1,2,2.2,1,0][8,30,2,2,3.0,1,0][8,30,3,2,3.8,1,1][8,30,4,2,4.8,1,1][8,30,5,2,5.6,1,1][8,30,6,2,6.4,1,1]
[8,30,0,3,1.6,1,0][8,30,1,3,2.4,1,0][8,30,2,3,3.2,1,0][8,30,3,3,4.0,1,1][8,30,4,3,5.0,1,1][8,30,5,3,5.8,1,1][8,30,6,3,6.6,1,1]
;