tile=Enemy Go!
start=5,1
speed=7
time=1
type=1
bonus=2,2,2
#Wave 1
#0*0123456*
#1*0123456*
#2*0123456*
#3*0123456*
[2,3,0,0,0.0,1,0][2,3,2,0,0.4,1,0][2,3,4,0,0.8,1,1][2,3,6,0,1.2,1,1]
[2,3,0,1,1.4,1,0][2,3,2,1,1.8,1,0][2,3,4,1,2.2,1,1][2,3,6,1,2.6,1,1]
[2,3,0,2,2.8,1,0][2,3,2,2,3.2,1,0][2,3,4,2,3.6,1,1][2,3,6,2,4.0,1,1]
[2,3,0,3,4.2,1,0][2,3,2,3,4.6,1,0][2,3,4,3,5.0,1,1][2,3,6,3,5.4,1,1]
;
tile=Space 3!
start=5,1
time=1
distance=0.9
speed=4
type=1
bonus=0,1,0,1,2,3
#Wave 2
#0*0123456*
#1*0123456*
#2*0123456*
#3*0123456*
[2,11,0,1,0,1,1][6,20,2,1,1.6,1,0][3,11,4,1,3.2,1,0]
[6,20,1,1,0.4,1,0][3,11,2,1,2.0,1,1][6,20,5,1,3.6,1,0]
[6,20,0,3,0.8,1,1][6,20,2,3,2.4,1,0][5,15,4,3,4.0,1,0]
[2,30,1,5,1.2,1,0][2,15,2,5,2.8,1,1][2,30,4,5,4.4,1,0]
;
tile=Enemy Storm!
start=5,1
speed=6
time=1.2
type=1
safe=[0,-3.6]
unsafe=[0,2]
bonus=1,2,1,3
path=twirl    
#Wave 3
[0,6,1,0,1.0,1,1][0,6,2,0,2.0,1,1][0,6,3,0,3.0,1,1][0,6,3,0,4.0,1,1][0,6,4,0,5.0,1,1][0,6,5,0,6.0,1,1]
[0,6,1,1,1.2,1,1][0,6,2,1,2.2,1,1][0,6,3,1,3.2,1,1][0,6,3,1,4.2,1,1][0,6,4,1,5.2,1,1][0,6,5,1,6.2,1,1]
[0,6,1,2,1.4,1,1][0,6,2,2,2.4,1,1][5,40,3,2,3.4,1,1][4,20,3,2,4.4,1,1][0,6,4,2,5.4,1,1][0,6,5,2,6.4,1,1]
[0,6,1,3,1.6,1,1][0,6,2,3,2.6,1,1][0,6,3,3,3.6,1,1][0,6,3,3,4.6,1,1][0,6,4,3,5.6,1,1][0,6,5,3,6.6,1,1]
[0,6,1,4,1.8,1,1][0,6,2,4,2.8,1,1][0,6,3,4,3.8,1,1][0,6,3,4,4.8,1,1][0,6,4,4,5.8,1,1][0,6,5,4,6.8,1,1]
;
tile=Enemy Heart !
start=5,1
speed=7
time=1
type=2
distance=1
path= path5
bonus=1,1,0,2
#Wave 4
#__0123456_
#0**00*00**
#1*0220220*
#2*0222220*
#3**02220**
#4***020***
#5****0****
[0,6,1,0,0.0,1,0][0,6,2,0,1.0,1,0][0,6,4,0,2.0,1,1][0,6,5,0,3.0,1,1]
[0,6,0,1,0.2,1,0][2,11,1,1,1.2,1,0][2,11,2,1,2.2,1,0][0,6,3,1,3.2,1,0][2,11,4,1,4.0,1,1][2,11,5,1,5.0,1,1][0,4,6,1,6.0,1,1]
[0,6,0,2,0.4,1,0][2,11,1,2,1.4,1,0][2,11,2,2,2.4,1,0][4,15,3,2,3.4,1,1][2,11,4,2,4.2,1,1][2,11,5,2,5.2,1,1][0,4,6,2,6.2,1,1]
[0,6,1,3,0.6,1,0][2,11,2,3,1.6,1,0][2,11,3,3,2.6,1,0][2,11,4,3,3.6,1,1][0,4,5,3,4.6,1,1]
[5,15,2,4,0.8,1,0][5,15,3,4,1.8,1,1][5,15,4,4,2.8,1,1]
[6,50,3,5,1,1,0]
;
start=5,1
speed=6
time=1
type=1
safe=[0,-3.6]
unsafe=[0,2]
bonus=1,2,3,2
path=star2     
#Wave 5
[2,22,0,0,0.0,1,1][2,22,1,0,1.0,1,1][2,22,2,0,2.0,1,1][2,22,3,0,3.0,1,1][2,22,3,0,4.0,1,1][2,22,4,0,5.0,1,1][2,22,5,0,6.0,1,1][2,22,6,0,7.0,1,1]
[2,22,0,1,0.2,1,1][2,22,1,1,1.2,1,1][2,22,2,1,2.2,1,1][2,22,3,1,3.2,1,1][2,22,3,1,4.2,1,1][2,22,4,1,5.2,1,1][2,22,5,1,6.2,1,1][2,22,6,1,7.2,1,1]
[2,22,0,2,0.4,1,1][2,22,1,2,1.4,1,1][2,22,2,2,2.4,1,1][2,22,3,2,3.4,1,1][2,22,3,2,4.4,1,1][2,22,4,2,5.4,1,1][2,22,5,2,6.4,1,1][2,22,6,2,7.4,1,1]
[2,22,0,3,0.6,1,1][2,22,1,3,1.6,1,1][2,22,2,3,2.6,1,1][2,22,3,3,3.6,1,1][2,22,3,3,4.6,1,1][2,22,4,3,5.6,1,1][2,22,5,3,6.6,1,1][2,22,6,3,7.6,1,1]
[2,11,0,4,0.8,1,1][2,11,1,4,1.8,1,1][2,11,2,4,2.8,1,1][2,11,3,4,3.8,1,1][2,11,3,4,4.8,1,1][2,11,4,4,5.8,1,1][2,11,5,4,6.8,1,1][2,11,6,4,7.8,1,1]
;
tile=Super Enemy!
start=5,1
time=1
speed=7
type=1
bonus=0,1,2
attack=true
#Wave 6
#0*0123456*
#1*0123456*
#2*0123456*
#3*0123456*
[7,40,3,2,1,1,1]
[7,40,1,4,1,1,1][7,40,5,4,1,1,0]
;
start=5,1
time=1
speed=7
type=1
bonus=0,1,2
attack=true
#Wave 7
#0*0123456*
#1*0123456*
#2*0123456*
#3*0123456*
[7,35,0,2,2,1,1][7,35,1,4,2,1,0]
;
tile=Enemy Heart !
start=5,1
speed=8
time=1
type=2
distance=0.9
bonus=2,2,0,3
#Wave 8
#__0123456_
#0**00*00**
#1*0220220*
#2*0222220*
#3**02220**
#4***020***
#5****0****
[0,6,1,0,0.0,1,0][0,6,2,0,1.0,1,0][0,6,4,0,2.0,1,1][0,6,5,0,3.0,1,1]
[0,6,0,1,0.2,1,0][0,6,1,1,1.2,1,0][0,6,2,1,2.2,1,0][0,6,3,1,3.2,1,0][0,6,4,1,4.0,1,1][2,7,5,1,5.0,1,1][0,6,6,1,6.0,1,1]
[1,11,0,2,0.4,1,0][1,11,1,2,1.4,1,0][1,11,2,2,2.4,1,0][1,11,3,2,3.4,1,1][1,11,4,2,4.2,1,1][1,11,5,2,5.2,1,1][1,11,6,2,6.2,1,1]
[2,11,1,3,0.6,1,0][2,11,2,3,1.6,1,0][2,11,3,3,2.6,1,0][2,11,4,3,3.6,1,1][2,11,5,3,4.6,1,1]
[3,17,2,4,0.8,1,0][3,17,3,4,1.8,1,1][3,17,4,4,2.8,1,1]
[7,60,3,5,1.0,1,0]
;
tile=Enemy Space!
start=5,1
time=1
speed=7
type=1
bonus=0,1,2
attack=true
#Wave 9
#0*0123456*
#1*0123456*
#2*0123456*
#3*0123456*
[7,40,3,2,1,1,1]
[7,40,1,3,1,1,1][7,40,5,3,1,1,0]
[7,40,3,4,1,1,1]
;
tile=Meteorite!
distance=1
start=0,-1      
time=1
type=2
thienthach=1
speed=1
bonus=0,1,2,3
#Wave 10
# 2 khong sap xep theo hang cot
#*1*3*4*5*
#**2*4*6**
#*1011101*
#*3333333*
#*0110110*
[3,2,0,0,1.0,1,0][0,1,1,0,1.0,1,0][2,5,2,0,2.0,1,0][2,6,2,0,4.0,1,0][0,30,3,0,3.3,1,1][0,2,5,0,1.6,1,1][3,6,6,0,2.6,1,1]
[0,1,0,1,1.2,1,0][2,4,1,1,2.2,1,0][1,3,2,1,2.2,1,0][2,5,3,1,4.2,1,0][3,7,2,1,1.4,1,1][1,1,5,1,1.8,1,1][1,5,6,1,2.8,1,1]
[2,3,0,2,1.4,1,0][1,3,1,2,3.0,1,0][2,20,2,2,2.4,1,0][0,5,1,2,1.9,1,1][1,5,4,2,1.0,1,1][3,1,5,2,2.0,1,1][1,5,6,2,3.0,1,1]
[0,1,0,3,1.6,1,0][3,3,1,3,2.6,1,0][3,1,2,3,2.6,1,0][3,5,1,3,5.2,1,1][3,5,4,3,1.2,1,1][1,15,5,3,2.2,1,1][1,5,6,3,3.3,1,1]
[3,3,0,4,2.2,1,0][2,5,1,4,2.8,1,0][1,3,2,4,1.2,1,0][0,15,1,4,5.4,1,1][1,5,4,4,0.2,1,1][3,7,5,4,2.4,1,1][3,6,6,4,3.4,1,1]
[3,3,0,5,2.2,1,0][2,5,1,5,2.8,1,0][1,3,2,5,1.2,1,0][0,5,1,5,5.4,1,1][1,5,4,5,0.2,1,1][3,7,5,5,2.4,1,1][3,50,6,5,3.4,1,1]
[2,3,0,6,1.4,1,0][1,5,1,6,3.0,1,0][2,3,2,6,2.4,1,0][0,5,1,6,1.9,1,1][1,5,4,6,1.0,1,1][3,1,5,6,2.0,1,1][1,5,6,6,3.0,1,1]
;
tile=Enemy Space!
start=5,1
time=1
speed=4
type=1
bonus=0,1,2
attack=true
#Wave 11
#0*0123456*
#1*0123456*
#2*0123456*
#3*0123456*
[7,50,3,0,1,1,1]
[7,50,1,1,1,1,1][7,50,5,1,1,1,0]
[7,50,3,2,1,1,1]
[7,50,1,3,1,1,1][7,50,5,3,1,1,0]
[7,50,3,4,1,1,1]
;
start=5,1
time=1
speed=7
type=1
bonus=0,1,2
attack=true
#Wave 11
#0*0123456*
#1*0123456*
#2*0123456*
#3*0123456*
[6,55,3,0,1,1,1]
[6,55,1,1,1,1,1][6,55,5,1,1,1,0]
[6,55,3,2,1,1,1]
[6,55,1,3,1,1,1][6,55,5,3,1,1,0]
[6,55,3,4,1,1,1]
; 
start=5,1
time=1
speed=7
type=1
bonus=0,1,2
attack=true
#Wave 12
#0*0123456*
#1*0123456*
#2*0123456*
#3*0123456*
[6,60,0,0,1,1,1][6,60,3,0,1,1,1][6,60,6,0,1,1,0]
[6,60,2,2,1,1,1][6,60,5,2,1,1,0]
[6,60,0,4,1,1,1][6,60,3,4,1,1,1][6,60,6,4,1,1,0]
; 