#Wave 1
# 2 khong sap xep theo hang cot
#*1*3*4*5*
#**2*4*6**
#*1011101*
#*3333333*
#*0110110*
[3,2,0,0,1.0,1,0][0,1,1,0,1.0,1,0][0,1,2,0,2.0,1,0][2,6,3,0,4.0,1,0][0,6,4,0,3.3,1,1][0,2,5,0,1.6,1,1][3,6,6,0,2.6,1,1]
[0,1,0,1,1.2,1,0][2,4,1,1,2.2,1,0][1,3,2,1,2.2,1,0][2,5,3,1,4.2,1,0][0,5,4,1,1.4,1,1][1,1,5,1,1.8,1,1][1,5,6,1,2.8,1,1]
[2,3,0,2,1.4,1,0][1,3,1,2,3.0,1,0][2,3,2,2,2.4,1,0][0,5,3,2,1.9,1,1][1,5,4,2,1.0,1,1][3,1,5,2,2.0,1,1][1,5,6,2,3.0,1,1]
[0,1,0,3,1.6,1,0][3,3,1,3,2.6,1,0][3,1,2,3,2.6,1,0][3,5,3,3,5.2,1,1][0,5,4,3,1.2,1,1][1,3,5,3,2.2,1,1][1,5,6,3,3.3,1,1]
[3,3,0,4,2.2,1,0][0,4,1,4,2.8,1,0][1,3,2,4,1.2,1,0][0,5,3,4,5.4,1,1][1,5,4,4,0.2,1,1][1,2,5,4,2.4,1,1][3,6,6,4,3.4,1,1]
;
tile=Double circle!
path=path8,path7
start=5,1
bonus=1,2,2
time=1.3
type=2
speed=7
distance=1.2
#Wave2
#0*0123456*
#1*0123456*
#2*0123456*
#3*0123456*
[1,10,-1,0,1.2,0.5,1][5,15,0,0,2.2,0.5,1][1,10,1,0,3.2,0.5,1][5,15,2,0,0.8,0.5,0][1,10,3,0,1.8,0.5,0]
[1,10,-1,1,1.4,0.5,1][2,11,0,1,2.4,0.5,1][1,10,1,1,3.4,0.5,1][2,11,2,1,1.0,0.5,0][1,10,3,1,2.0,0.5,0]
[1,10,-1,2,1.6,0.5,1][2,11,0,2,2.6,0.5,1][1,10,1,2,0.2,0.5,0][2,11,2,2,1.2,0.5,0][1,10,3,2,2.2,0.5,0]
[1,10,-1,3,1.8,0.5,1][2,11,0,3,2.8,0.5,1][1,10,1,3,0.4,0.5,0][2,11,2,3,1.4,0.5,0][1,10,3,3,2.4,0.5,0]
[1,10,-1,4,2.0,0.5,1][5,15,0,4,3.0,0.5,1][1,10,1,4,0.6,0.5,0][5,15,2,4,1.6,0.5,0][1,10,3,4,2.6,0.5,0]
;
tile=Star 2!
start=5,-4
distance=1
speed=8
time=1
type=1
bonus=1,2,3,0
#Wave 3
[0,6,0,0,0.0,1,1][3,15,1,0,1.0,1,1][0,6,2,0,2.0,1,1][3,15,3,0,3.0,1,1][0,6,3,0,4.0,1,1][3,15,4,0,5.0,1,1][0,6,5,0,6.0,1,1][3,15,6,0,7.0,1,1]
[0,6,0,1,0.2,1,1][0,6,1,1,1.2,1,1][0,6,2,1,2.2,1,1][0,6,3,1,3.2,1,1][0,6,3,1,4.2,1,1][0,6,4,1,5.2,1,1][0,6,5,1,6.2,1,1][3,15,6,1,7.2,1,1]
[0,6,0,2,0.4,1,1][3,15,1,2,1.4,1,1][0,6,2,2,2.4,1,1][3,15,3,2,3.4,1,1][0,6,3,2,4.4,1,1][3,15,4,2,5.4,1,1][0,6,5,2,6.4,1,1][3,15,6,2,7.4,1,1]
[0,6,0,3,0.6,1,1][0,6,1,3,1.6,1,1][0,6,2,3,2.6,1,1][0,6,3,3,3.6,1,1][0,6,3,3,4.6,1,1][3,15,4,3,5.6,1,1][0,6,5,3,6.6,1,1][3,15,6,3,7.6,1,1]
[0,6,0,4,0.8,1,1][5,55,1,4,1.8,1,1][0,6,2,4,2.8,1,1][5,55,3,4,3.8,1,1][0,6,3,4,4.8,1,1][0,6,4,4,5.8,1,1][5,55,5,4,6.8,1,1][3,15,6,4,7.8,1,1]
;
tile=Space 3!
start=5,1
time=1
distance=0.9
speed=4
type=1
bonus=0,1,0,1,2,3
#Wave 4
#0*0123456*
#1*0123456*
#2*0123456*
#3*0123456*
[2,11,0,-1,0,1,1][6,20,2,-1,1.6,1,0][3,11,4,-1,3.2,1,0]
[6,20,-1,1,0.4,1,0][3,11,2,1,2.0,1,1][6,20,5,1,3.6,1,0]
[6,20,0,3,0.8,1,1][6,20,2,3,2.4,1,0][5,15,4,3,4.0,1,0]
[2,30,-1,5,1.2,1,0][2,15,2,5,2.8,1,1][2,30,4,5,4.4,1,0]
;
tile=Enemy Ahihi!
start=5,1
speed=6
time=1.2
type=1
safe=[0,-3.6]
unsafe=[0,2]
bonus=1,2,1,3
path=twirl    
#Wave 5
[0,6,1,0,1.0,1,1][0,6,2,0,2.0,1,1][0,6,3,0,3.0,1,1][0,6,3,0,4.0,1,1][0,6,4,0,5.0,1,1][0,6,5,0,6.0,1,1]
[0,6,1,1,1.2,1,1][0,6,2,1,2.2,1,1][0,6,3,1,3.2,1,1][0,6,3,1,4.2,1,1][0,6,4,1,5.2,1,1][0,6,5,1,6.2,1,1]
[0,6,1,2,1.4,1,1][0,6,2,2,2.4,1,1][5,40,3,2,3.4,1,1][4,20,3,2,4.4,1,1][0,6,4,2,5.4,1,1][0,6,5,2,6.4,1,1]
[0,6,1,3,1.6,1,1][0,6,2,3,2.6,1,1][0,6,3,3,3.6,1,1][0,6,3,3,4.6,1,1][0,6,4,3,5.6,1,1][0,6,5,3,6.6,1,1]
[0,6,1,4,1.8,1,1][0,6,2,4,2.8,1,1][0,6,3,4,3.8,1,1][0,6,3,4,4.8,1,1][0,6,4,4,5.8,1,1][0,6,5,4,6.8,1,1]
;
tile=Curve!
start=5,1
bonus=2,2,2,0,1
time=1
type=2
speed=5
safe=[0.0,0.0]
bonus=2,2,0,3
#Wave 6
#0*0123456*
#1*0123456*
#2*0123456*
#3*0123456*
[3,15,0,0,0.0,1,1][0,5,1,0,1.0,1,1][0,5,2,0,2.0,1,1][0,5,3,0,3.0,1,1][0,5,4,0,4.0,1,1][0,5,5,0,5.2,1,1][3,15,6,0,6.2,1,1]
[1,5,0,1,0.2,1,1][1,5,1,1,1.2,1,1][1,5,2,1,2.2,1,1][1,5,3,1,3.2,1,1][1,5,4,1,4.2,1,1][1,5,5,1,5.4,1,1][1,5,6,1,6.4,1,1]
[3,15,0,2,0.4,1,1][3,15,1,2,1.4,1,1][3,15,2,2,2.4,1,1][3,15,3,2,3.4,1,1][3,15,4,2,4.6,1,1][3,15,5,2,5.6,1,1][3,15,6,2,6.6,1,1]
[1,5,0,3,0.6,1,1][1,5,1,3,1.6,1,1][1,5,2,3,2.6,1,1][1,5,3,3,3.6,1,1][1,5,4,3,4.8,1,1][1,5,5,3,5.8,1,1][1,5,6,3,6.8,1,1]
[3,15,0,4,0.8,1,1][0,5,1,4,1.8,1,1][0,5,2,4,2.8,1,1][0,5,3,4,3.8,1,1][0,5,4,4,5,1,1][0,5,5,4,6.0,1,1][3,15,6,4,7,1,1]
;
tile=Meteorite!
distance=1
start=0,-1      
time=1
type=2
thienthach=1
speed=1
bonus=2,3,2,3
#Wave 7
# 2 khong sap xep theo hang cot
#*1*3*4*5*
#**2*4*6**
#*1011101*
#*3333333*
#*0110110*
[3,2,0,0,1.0,1,0][0,1,1,0,1.0,1,0][2,50,2,0,2.0,1,0][2,6,2,0,4.0,1,0][0,6,3,0,3.3,1,1][0,2,5,0,1.6,1,1][3,6,6,0,2.6,1,1]
[0,1,0,1,1.2,1,0][2,4,1,1,2.2,1,0][1,3,2,1,2.2,1,0][2,5,3,1,4.2,1,0][3,50,2,1,1.4,1,1][1,1,5,1,1.8,1,1][1,5,6,1,2.8,1,1]
[2,3,0,2,1.4,1,0][1,3,1,2,3.0,1,0][2,3,2,2,2.4,1,0][0,5,1,2,1.9,1,1][1,5,4,2,1.0,1,1][3,1,5,2,2.0,1,1][1,5,6,2,3.0,1,1]
[0,1,0,3,1.6,1,0][3,3,1,3,2.6,1,0][3,1,2,3,2.6,1,0][3,5,1,3,5.2,1,1][0,5,4,3,1.2,1,1][1,3,5,3,2.2,1,1][1,5,6,3,3.3,1,1]
[3,3,0,4,2.2,1,0][2,50,1,4,2.8,1,0][1,3,2,4,1.2,1,0][0,5,1,4,5.4,1,1][1,5,4,4,0.2,1,1][3,7,5,4,2.4,1,1][3,50,6,4,3.4,1,1]
[3,3,0,5,2.3,1,0][2,5,1,5,2.8,1,0][1,3,2,5,1.2,1,0][0,5,1,5,5.4,1,1][1,5,4,5,0.2,1,1][3,7,5,5,2.4,1,1][3,6,6,5,3.4,1,1]
[2,3,0,6,1.4,1,0][1,3,1,6,3.0,1,0][2,3,2,6,2.4,1,0][0,5,1,6,1.9,1,1][1,5,4,6,1.0,1,1][3,1,5,6,2.0,1,1][1,5,6,6,3.0,1,1]
;
tile=Enemy Fly 111!
distance=1
start=5,0
time=1
type=2
speed=4
bonus=1,1,4
group=true
#Wave 8
# 2 khong sap xep theo hang cot
#*1*3*4*5*
#**2*4*6**
#*1011101*
#*3333333*
#*0110110*
[1,11,0,0,3,1,1][2,11,1,0,2,1,1][3,15,2,0,1,1,1][3,15,3,0,0,1,0][2,11,4,0,1,1,0][1,11,5,0,2,1,0]
[0,6,0,1,3,1,1][0, 6,1,1,2,1,1][0, 6,2,1,1,1,1][0, 6,3,1,0,1,0][0, 6,4,1,1,1,0][0,6,5,1,2,1,0]
[1,11,0,2,3,1,1][2,11,1,2,2,1,1][3,15,2,2,1,1,1][3,15,3,2,0,1,0][2,11,4,2,1,1,0][1,11,5,2,2,1,0]
[0,6,0,3,3,1,1][0, 6,1,3,2,1,1][0, 6,2,3,1,1,1][0, 6,3,3,0,1,0][0, 6,4,3,1,1,0][0,6,5,3,2,1,0]
[1,11,0,4,3,1,1][2,11,1,4,2,1,1][3,15,2,4,1,1,1][3,15,3,4,0,1,0][2,11,4,4,1,1,0][1,11,5,4,2,1,0]
;
tile=Enemy Flyin!
start=5,-4
distance=1
time=3
type=1
speed=7
bonus=1,2,0,3,1,2
path=path3_1,path3_2
#Wave 9
#__0123456_
#0*2121212*
#1*2121212*
#2*2121212*
#3*2121212*
#4*3121213*
[7,18,0,0,0.2,0.5,1][1,10,1,0,0.2,0.5,0][2,11,2,0,1.2,0.5,1][1,10,3,0,1.2,0.5,0][2,11,4,0,2.2,0.5,1][1,10,5,0,2.2,0.5,0][7,18,6,0,3.2,0.5,1]
[7,18,0,1,0.4,0.5,1][1,10,1,1,0.4,0.5,0][2,11,2,1,1.4,0.5,1][1,10,3,1,1.4,0.5,0][2,11,4,1,2.4,0.5,1][1,10,5,1,2.4,0.5,0][7,18,6,1,3.4,0.5,1]
[7,18,0,2,0.6,0.5,1][1,10,1,2,0.6,0.5,0][2,11,2,2,1.6,0.5,1][1,10,3,2,1.6,0.5,0][2,11,4,2,2.6,0.5,1][1,10,5,2,2.6,0.5,0][7,18,6,2,3.6,0.5,1]
[7,18,0,3,0.8,0.5,1][1,10,1,3,0.8,0.5,0][2,11,2,3,1.8,0.5,1][1,10,3,3,1.8,0.5,0][2,11,4,3,2.8,0.5,1][1,10,5,3,2.8,0.5,0][7,18,6,3,3.8,0.5,1]
[3,15,0,4,1.0,0.5,1][1,10,1,4,1.0,0.5,0][2,11,2,4,2.0,0.5,1][1,10,3,4,2.0,0.5,0][2,11,4,4,3.0,0.5,1][1,10,5,4,3.0,0.5,0][3,15,6,4,4.0,0.5,1]
;
tile=olala!
start=0,6
distance=1.1
speed=7
time=1
type=1
bonus=2,2,1,3
#Wave 10
[7,15,3,0,1.0,3,1]
[7,15,2,1,1.2,3,1][7,15,4,1,3.2,3,1]
[7,15,1,2,1.4,3,1][7,15,3,2,3.4,3,1][7,15,5,2,5.4,3,1]
[7,15,2,3,1.6,3,1][7,15,4,3,3.6,3,1]
[7,15,3,4,1.8,3,1]
;
tile=Enemy Fly 123!
start=5,1
time=1
speed=5
type=2
distance=1.2
bonus=1,3,1,3,2
#Wave 11
#0*0123456*
#1**12345**
#2***234***
#3****3****
#4**1*3*5**
[2,11,0,0,0,1,0][1,11,1,0,0,1,0][0,6,2,0,0,1,0][0,3,3,0,0,1,0][0,6,4,0,0,1,0][1,11,5,0,0,1,1][2,11,6,0,0,1,0]
[2,11,1,1,1,1,1][1,11,2,1,1,1,1][1,11,3,1,1,1,1][1,5,4,1,1,1,1][1,11,5,1,1,1,1]
[2,11,1,2,2,1,0][6,30,3,2,0,1,0][2,11,5,2,2,1,0]
[3,20,3,3,0,1,1]
[4,20,1,4,0,1,1][4,20,3,4,0,1,1][4,20,5,4,0,1,1]
;
tile=Enemy Heart !
start=5,1
speed=7
time=1
type=2
distance=1
path= path5
bonus=2,2,0,3
#Wave 12
#__0123456_
#0**00*00**
#1*0220220*
#2*0222220*
#3**02220**
#4***020***
#5****0****
[0,15,1,0,0.0,1,0][0,15,2,0,1.0,1,0][0,15,4,0,2.0,1,1][0,15,5,0,3.0,1,1]
[0,15,0,1,0.2,1,0][2,18,1,1,1.2,1,0][2,18,2,1,2.2,1,0][0,15,3,1,3.2,1,0][2,18,4,1,4.0,1,1][2,18,5,1,5.0,1,1][0,15,6,1,6.0,1,1]
[0,15,0,2,0.4,1,0][2,18,1,2,1.4,1,0][2,18,2,2,2.4,1,0][4,15,3,2,3.4,1,1][2,18,4,2,4.2,1,1][2,18,5,2,5.2,1,1][0,15,6,2,6.2,1,1]
[0,15,1,3,0.6,1,0][2,18,2,3,1.6,1,0][2,18,3,3,2.6,1,0][2,18,4,3,3.6,1,1][0,15,5,3,4.6,1,1]
[0,15,2,4,0.8,1,0][2,18,3,4,1.8,1,1][0,15,4,4,2.8,1,1]
[6,20,3,5,1.0,1,0]
;
