tile=Enemy down!
start=5,1
speed=8
distance=1
time=0.5
type=1
bonus=1,1,2,1
#Wave 1
[1,7,0,0,0.0,1,1][1,7,1,0,1.0,1,0][1,7,2,0,2.0,1,1][1,7,3,0,3.0,1,1][1,7,4,0,2.0,1,0][1,7,5,0,1.0,1,1][1,7,6,0,0.0,1,0]
[4,9,0,1,0.2,1,1][4,9,1,1,1.2,1,0][4,9,2,1,2.2,1,1][4,9,3,1,3.2,1,0][4,9,4,1,2.2,1,0][4,9,5,1,1.2,1,1][4,9,6,1,0.2,1,0]
[1,7,0,2,0.4,1,1][1,7,1,2,1.4,1,0][1,7,2,2,2.4,1,1][1,7,3,2,3.4,1,1][1,7,4,2,2.4,1,0][1,7,5,2,1.4,1,1][1,7,6,2,0.4,1,0]
[4,9,0,3,0.6,1,1][4,9,1,3,1.6,1,0][4,9,2,3,2.6,1,1][4,9,3,3,3.6,1,0][4,9,4,3,2.6,1,0][4,9,5,3,1.6,1,1][4,9,6,3,0.6,1,0]
[1,7,0,4,0.8,1,1][1,7,1,4,1.8,1,0][1,7,2,4,2.8,1,1][1,7,3,4,3.8,1,1][1,7,4,4,2.8,1,0][1,7,5,4,1.8,1,1][1,7,6,4,0.8,1,0]
;
tile=Two rings!
start=0,5
distance=1
speed=5
time=1
type=1
path=path7,path8
bonus=2,3,2,0,1
unsafe=[2,1][-2,1]
#Wave 2
[3,9,0,0,0.0,1,0][3, 9,1,0,1.0,1,0][3,9,2,0,2.0,1,0][3, 5,3,0,3.0,1,0][3,9,4,3,0.6,1,1][3, 5,5,0,1.6,1,1][3,9,6,0,2.6,1,1]
[3,9,0,1,0.2,1,0][3,9,1,1,1.2,1,0][3,9,2,1,2.2,1,0][3,9,3,1,3.2,1,0][3,9,4,1,0.8,1,1][3,13,5,1,1.8,1,1][3,9,6,1,2.8,1,1]
[3,9,0,2,0.4,1,0][3,9,1,2,1.4,1,0][3,9,2,2,2.4,1,0][3,9,3,2,0.0,1,1][3,9,4,2,1.0,1,1][3, 5,5,2,2.0,1,1][3,9,6,2,3.0,1,1]
[3,9,0,3,0.6,1,0][3,9,1,3,1.6,1,0][3,9,2,3,2.6,1,0][3,9,3,3,0.2,1,1][3, 5,4,3,1.2,1,1][3, 5,5,3,2.2,1,1][3,9,6,3,3.2,1,1]
[3,9,0,4,0.8,1,0][3,9,1,4,1.8,1,0][3,9,2,4,2.8,1,0][3,9,3,4,0.4,1,1][3, 5,4,4,1.4,1,1][3, 5,5,4,2.4,1,1][3,9,6,4,3.4,1,1]
;
tile=Enemy Space!
start=5,1
time=1
speed=8
type=1
bonus=1,2,2
#Wave 3
#0*0123456*
#1*0123456*
#2*0123456*
#3*0123456*
[6,15,0,2,0,1,1][6,15,1,6,8,1,0]
[6,15,3,3,2,1,0][6,15,2,3,10,1,1]
[6,15,1,4,4,1,1][6,15,5,4,12,1,0]
[6,15,2,4,6,1,0][6,15,3,4,14,1,1]
;
tile=Meteorite!
distance=1
start=0,-1      
time=1
type=2
thienthach=1
speed=1
bonus=2,3,2,3
#Wave 4
# 2 khong sap xep theo hang cot
#*1*3*4*5*
#**2*4*6**
#*1011101*
#*3333333*
#*0110110*
[3,2,0,0,1.0,1,0][0,1,1,0,1.0,1,0][2,5,2,0,2.0,1,0][2,6,2,0,4.0,1,0][0,6,3,0,3.3,1,1][0,2,5,0,1.6,1,1][3,6,6,0,2.6,1,1]
[2,4,1,1,2.2,1,0][2,5,3,1,4.2,1,0][3,7,2,1,1.4,1,1][1,1,5,1,1.8,1,1][1,5,6,1,2.8,1,1]
[2,3,0,2,1.4,1,0][1,3,1,2,3.0,1,0][2,3,2,2,2.4,1,0][0,5,1,2,1.9,1,1][1,5,4,2,1.0,1,1][3,1,5,2,2.0,1,1][1,5,6,2,3.0,1,1]
[0,1,0,3,1.6,1,0][3,3,1,3,2.6,1,0][3,5,1,3,5.2,1,1][0,5,4,3,1.2,1,1][1,3,5,3,2.2,1,1][1,5,6,3,3.3,1,1]
[3,3,0,4,2.2,1,0][2,5,1,4,2.8,1,0][1,3,2,4,1.2,1,0][0,5,1,4,5.4,1,1][1,5,4,4,0.2,1,1][3,7,5,4,2.4,1,1]
[3,3,0,5,2.2,1,0][2,5,1,5,2.8,1,0][1,3,2,5,1.2,1,0][0,5,1,5,5.4,1,1][1,5,4,5,0.2,1,1][3,7,5,5,2.4,1,1][3,6,6,5,3.4,1,1]
[2,3,0,6,1.4,1,0][2,3,2,6,2.4,1,0][0,5,1,6,1.9,1,1][1,5,4,6,1.0,1,1][3,1,5,6,2.0,1,1][1,5,6,6,3.0,1,1]
;
tile=Enemy Fly 111!
distance=1
start=5,0
time=1
type=2
speed=4
bonus=1,1,4
group=true
#Wave 5
# 2 khong sap xep theo hang cot
#*1*3*4*5*
#**2*4*6**
#*1011101*
#*3333333*
#*0110110*
[1,11,0,0,3,1,1][2,11,1,0,2,1,1][3,15,2,0,1,1,1][3,15,3,0,0,1,0][2,11,4,0,1,1,0][1,11,5,0,2,1,0]
[0,6,0,1,3,1,1][0, 6,1,1,2,1,1][0, 6,2,1,1,1,1][0, 6,3,1,0,1,0][0, 6,4,1,1,1,0][0,6,5,1,2,1,0]
[1,11,0,2,3,1,1][2,11,1,2,2,1,1][3,15,2,2,1,1,1][3,15,3,2,0,1,0][2,11,4,2,1,1,0][1,11,5,2,2,1,0]
[0,6,0,3,3,1,1][0, 6,1,3,2,1,1][0, 6,2,3,1,1,1][0, 6,3,3,0,1,0][0, 6,4,3,1,1,0][0,6,5,3,2,1,0]
[1,11,0,4,3,1,1][2,11,1,4,2,1,1][3,15,2,4,1,1,1][3,15,3,4,0,1,0][2,11,4,4,1,1,0][1,11,5,4,2,1,0]
;
tile=Enemy Ahihi!
start=5,-4
speed=7
distance=0.9
time=1
type=1
safe=[0,-3.6]
bonus=1,2,1,3
#Wave6
[3,15,0,0,0.0,1,1][2,15,1,0,1.0,1,1][3,15,2,0,2.0,1,1][2,15,3,0,3.0,1,1][3,15,4,0,4.0,1,1][2,15,5,0,5.0,1,1][3,15,6,0,6.0,1,1]
[2,6,0,1,0.2,1,1][3,6,1,1,1.2,1,1][3,6,5,1,5.2,1,1][2,6,6,1,6.2,1,1]
[3,6,0,2,0.4,1,1][2,6,1,2,1.4,1,1][7,70,3,2,3.4,1,1][2,6,5,2,5.4,1,1][3,6,6,2,6.4,1,1]
[2,6,0,3,0.6,1,1][3,6,1,3,1.6,1,1][3,6,5,3,5.6,1,1][2,6,6,3,6.6,1,1]
[5,21,0,4,0.8,1,1][2,11,1,4,1.8,1,1][3,11,2,4,2.8,1,1][2,11,3,4,3.8,1,1][3,11,4,4,4.8,1,1][2,11,5,4,5.8,1,1][5,21,6,4,6.8,1,1]
;
tile=Enemy Space!
start=5,1
time=1
speed=6
type=1
bonus=0,1,0,0,3
#Wave 7
#0*0123456*
#1*0123456*
#2*0123456*
#3*0123456*
[3,13,1,1,0,1,1][6,10,3,1,1.6,1,0][3,13,5,1,3.2,1,0]
[6,15,3,3,0.4,1,0][7,20,2,3,2.0,1,1][6,15,5,6,3.6,1,0]
[6,15,1,4,0.8,1,1][6,15,0,4,2.4,1,0][6,15,3,6,4.0,1,0]
[3,13,2,4,1.2,1,0][7,20,3,4,2.8,1,1][3,13,0,6,4.4,1,0]
;
tile=Meteorite!
distance=1
start=0,-1      
time=1
type=2
thienthach=1
speed=1
bonus=2,3,2,3
#Wave 8
# 2 khong sap xep theo hang cot
#*1*3*4*5*
#**2*4*6**
#*1011101*
#*3333333*
#*0110110*
[3,2,0,0,1.0,1,0][3,1,1,0,1.0,1,0][2,5,2,0,2.0,1,0][2,6,2,0,4.0,1,0][0,6,3,0,3.3,1,1][0,2,5,0,1.6,1,1][3,6,6,0,2.6,1,1]
[0,1,0,1,1.2,1,0][2,4,1,1,2.2,1,0][1,3,2,1,2.2,1,0][2,5,3,1,4.2,1,0][3,7,2,1,1.4,1,1][1,1,5,1,1.8,1,1][1,5,6,1,2.8,1,1]
[2,3,0,2,1.4,1,0][1,7,1,2,3.0,1,0][2,3,2,2,2.4,1,0][1,5,1,2,1.9,1,1][1,5,4,2,1.0,1,1][3,1,5,2,2.0,1,1][2,5,6,2,3.0,1,1]
[2,1,0,3,1.6,1,0][3,3,1,3,2.6,1,0][3,1,2,3,2.6,1,0][3,5,1,3,5.2,1,1][0,5,4,3,1.2,1,1][0,3,5,3,2.2,1,1][3,5,6,3,3.3,1,1]
[2,3,0,4,2.2,1,0][2,5,1,4,2.8,1,0][1,3,2,4,1.2,1,0][0,5,1,4,5.4,1,1][3,5,4,4,0.2,1,1][3,7,5,4,2.4,1,1][3,6,6,4,3.4,1,1]
[3,3,0,5,2.2,1,0][2,5,1,5,2.8,1,0][1,3,2,5,1.2,1,0][0,5,1,5,5.4,1,1][1,5,4,5,0.2,1,1][3,7,5,5,2.4,1,1][3,6,6,5,3.4,1,1]
[2,3,0,6,1.4,1,0][1,3,1,6,3.0,1,0][2,3,2,6,2.4,1,0][0,5,1,6,1.9,1,1][1,5,4,6,1.0,1,1][3,1,5,6,2.0,1,1][1,5,6,6,3.0,1,1]
;
tile=Enemy square!
start=5,1
time=1
type=1
speed=7
distance=1
path=square
unsafe=[0,2]
#Wave 9
# 2 khong sap xep theo hang cot
#*1*3*4*5*
#**2*4*6**
#*1011101*
#*3333333*
#*0110110*
[4,15,0,0,1.0,1,0][0,6,1,0,1.8,1,0][4,15,2,0,2.6,1,0][0,6,3,0,3.4,1,1][4,15,4,0,4.2,1,1][0,6,5,0,5.2,1,1][4,15,6,0,6.0,1,1]
[0,6,0,1,1.2,1,0][7,18,1,1,2.0,1,0][0,6,2,1,2.8,1,0][7,18,3,1,3.6,1,1][0,6,4,1,4.6,1,1][7,18,5,1,5.4,1,1][0,6,6,1,6.2,1,1]
[3,15,0,2,1.4,1,0][0,6,1,2,2.2,1,0][3,15,2,2,3.0,1,0][0,6,3,2,3.8,1,1][3,15,4,2,4.8,1,1][0,6,5,2,5.6,1,1][3,15,6,2,6.4,1,1]
[0,6,0,3,1.6,1,0][7,35,1,3,2.4,1,0][0,6,2,3,3.2,1,0][3,15,3,3,4.0,1,1][0,6,4,3,5.0,1,1][7,35,5,3,5.8,1,1][0,6,6,3,6.6,1,1]
;
tile=Enemy twirl!
start=5,1
time=1
type=1
speed=7
distance=1
path=twirl
unsafe=[0,1]
#Wave 10
# 2 khong sap xep theo hang cot
#*1*3*4*5*
#**2*4*6**
#*1011101*
#*3333333*
#*0110110*
[4,15,0,0,1.0,1,0][0,6,1,0,1.8,1,0][4,15,2,0,2.6,1,0][0,6,3,0,3.4,1,1][4,15,4,0,4.2,1,1][0,6,5,0,5.2,1,1][4,15,6,0,6.0,1,1]
[0,6,0,1,1.2,1,0][7,18,1,1,2.0,1,0][0,6,2,1,2.8,1,0][7,18,3,1,3.6,1,1][0,6,4,1,4.6,1,1][7,18,5,1,5.4,1,1][0,6,6,1,6.2,1,1]
[3,15,0,2,1.4,1,0][0,6,1,2,2.2,1,0][3,15,2,2,3.0,1,0][0,6,3,2,3.8,1,1][3,15,4,2,4.8,1,1][0,6,5,2,5.6,1,1][3,15,6,2,6.4,1,1]
[0,6,0,3,1.6,1,0][3,15,1,3,2.4,1,0][0,6,2,3,3.2,1,0][3,15,3,3,4.0,1,1][0,6,4,3,5.0,1,1][3,15,5,3,5.8,1,1][0,6,6,3,6.6,1,1]
;
boss=2


