tile= Rings!
start=5,-4
distance=1.2
speed=5
time=1
type=1
bonus=2,2,2
#Wave 1
[0,15,1,0,1.0,1,0][0,15,2,0,2.0,1,0][0,15,3,0,3.0,1,0][0,15,4,0,0.6,1,1][0,15,5,0,1.6,1,1]
[4,19,1,1,1.2,1,0][1,17,2,1,2.2,1,0][1,17,3,1,3.2,1,0][1,17,4,1,0.8,1,1][4,19,5,1,1.8,1,1]
[1,17,1,2,1.4,1,0][4,19,2,2,2.4,1,0][1,17,3,2,0.0,1,1][4,19,4,2,1.0,1,1][1,17,5,2,2.0,1,1]
[1,17,1,3,1.6,1,0][1,17,2,3,2.6,1,0][4,19,3,3,0.2,1,1][17,1,4,3,1.2,1,1][1,17,5,3,2.2,1,1]
[1,17,1,4,1.8,1,0][1,17,2,4,2.8,1,0][1,17,3,4,0.4,1,1][17,1,4,4,1.4,1,1][1,17,5,4,2.4,1,1]
;
tile=Double circle!
start=5,1
bonus=1,2,2
time=1.3
type=2
speed=7
distance=1.2
#Wave2
#0*0123456*
#1*0123456*
#2*0123456*
#3*0123456*
[1,17,-1,0,1.2,0.5,1][5,20,0,0,2.2,0.5,1][1,17,1,0,3.2,0.5,1][5,20,2,0,0.8,0.5,0][1,17,3,0,1.8,0.5,0]
[1,17,-1,1,1.4,0.5,1][2,19,0,1,2.4,0.5,1][1,17,1,1,3.4,0.5,1][2,19,2,1,1.0,0.5,0][1,17,3,1,2.0,0.5,0]
[1,17,-1,2,1.6,0.5,1][2,19,0,2,2.6,0.5,1][1,17,1,2,0.2,0.5,0][2,19,2,2,1.2,0.5,0][1,17,3,2,2.2,0.5,0]
[1,17,-1,3,1.8,0.5,1][2,19,0,3,2.8,0.5,1][1,17,1,3,0.4,0.5,0][2,19,2,3,1.4,0.5,0][1,17,3,3,2.4,0.5,0]
[1,17,-1,4,2.0,0.5,1][5,20,0,4,3.0,0.5,1][1,17,1,4,0.6,0.5,0][5,20,2,4,1.6,0.5,0][1,17,3,4,2.6,0.5,0]
;
tile=Enemy Run!
start=5,1
time=2
type=1
speed=5
distance=1.1
save=[0,-3.6]
bonus=0,2,1,4
#Wave3
# Sap xep theo cot
#*0000000*
#*1111111*
#*0000000*
#*1111111*
#*0110110*
[3,25,0,0,0.0,1,1][3,25,1,0,1.0,1,1][3,25,2,0,2.0,1,1][3,25,3,0,3.0,1,1][3,25,4,0,0.6,1,0][3,25,5,0,2.6,1,0][3,25,6,0,3.6,1,0]
[4,27,0,1,0.2,1,1][4,27,1,1,1.2,1,1][4,27,2,1,2.2,1,1][4,27,3,1,3.2,1,1][4,27,4,1,0.8,1,0][4,27,5,1,2.8,1,0][4,27,6,1,3.8,1,0]
[3,25,0,2,0.4,1,1][3,25,1,2,1.4,1,1][3,25,2,2,2.4,1,1][3,25,3,2,0.0,1,0][3,25,4,2,2.0,1,0][3,25,5,2,3.0,1,0][3,25,6,2,4.0,1,0]
[4,27,0,3,0.6,1,1][4,27,1,3,1.6,1,1][4,27,2,3,2.6,1,1][4,27,3,3,0.2,1,0][4,27,4,3,2.2,1,0][4,27,5,3,3.2,1,0][4,27,6,3,4.2,1,0]
[3,25,0,4,0.8,1,1][3,25,1,4,1.8,1,1][3,25,2,4,2.8,1,1][3,25,3,4,0.4,1,0][3,25,4,4,2.4,1,0][3,25,5,4,3.4,1,0][3,25,6,4,4.4,1,0]
;
tile=Enemy Heart !
start=5,1
speed=5
time=1
type=2
distance=1.2
bonus=1,2,0,3
#Wave 4
#__0123456_
#0**00*00**
#1*0220220*
#2*0222220*
#3**02220**
#4***020***
#5****0****
[7,15,1,0,0.0,1,0][0,19,2,0,1.0,1,0][0,19,4,0,2.0,1,1][7,45,5,0,3.0,1,1]
[3,25,0,1,0.2,1,0][2,23,1,1,1.2,1,0][2,23,2,1,2.2,1,0][0,19,3,1,3.2,1,0][2,23,4,1,4.0,1,1][2,23,5,1,5.0,1,1][3,25,6,1,6.0,1,1]
[3,25,0,2,0.4,1,0][2,23,1,2,1.4,1,0][2,23,2,2,2.4,1,0][4,38,3,2,3.4,1,1][2,23,4,2,4.2,1,1][2,23,5,2,5.2,1,1][3,25,6,2,6.2,1,1]
[3,25,1,3,0.6,1,0][2,23,2,3,1.6,1,0][2,23,3,3,2.6,1,0][2,23,4,3,3.6,1,1][3,9,5,3,4.6,1,1]
[3,25,2,4,0.8,1,0][2,23,3,4,1.8,1,1][3,25,4,4,2.8,1,1]
[8,50,3,5,1.0,1,0]
;
tile=!
start=5,1
time=1
speed=7
type=1
distance=1.2
bonus=1,1,2
#Wave 5
#0*0123456*
#1*0123456*
#2*0123456*
#3*0123456*
[8,40,0,0,1,1,1][3,27,2,0,1,1,1][3,27,3,0,1,1,1][8,40,5,0,1,1,1]
[8,40,0,2,1,1,1][3,27,2,2,1,1,1][3,27,3,2,1,1,1][8,40,5,2,1,1,1]
[8,40,0,4,1,1,1][3,27,2,4,1,1,1][3,27,3,4,1,1,1][8,40,5,4,1,1,1]
;
tile=Enemy Run!
start=5,1
time=2
type=1
speed=5
save=[0,-3.6]
distance=1.2
bonus=0,2,1,4
#Wave6
# Sap xep theo cot
#*0000000*
#*1111111*
#*0000000*
#*1111111*
#*0110110*
[3,30,0,0,0.0,1,1][3,30,1,0,1.0,1,1][3,30,2,0,2.0,1,1][3,30,3,0,3.0,1,1][3,30,4,0,0.6,1,0][3,30,5,0,2.6,1,0][3,30,6,0,3.6,1,0]
[7,39,0,1,0.2,1,1][7,39,1,1,1.2,1,1][7,39,2,1,2.2,1,1][7,39,3,1,3.2,1,1][7,39,4,1,0.8,1,0][7,39,5,1,2.8,1,0][7,39,6,1,3.8,1,0]
[3,30,0,2,0.4,1,1][3,30,1,2,1.4,1,1][3,30,2,2,2.4,1,1][3,30,3,2,0.0,1,0][3,30,4,2,2.0,1,0][3,30,5,2,3.0,1,0][3,30,6,2,4.0,1,0]
[7,39,0,3,0.6,1,1][7,39,1,3,1.6,1,1][7,39,2,3,2.6,1,1][7,39,3,3,0.2,1,0][7,39,4,3,2.2,1,0][7,39,5,3,3.2,1,0][7,39,6,3,4.2,1,0]
[3,30,0,4,0.8,1,1][3,30,1,4,1.8,1,1][3,30,2,4,2.8,1,1][3,30,3,4,0.4,1,0][3,30,4,4,2.4,1,0][3,30,5,4,3.4,1,0][3,30,6,4,4.4,1,0]
;
tile=Peace!
start=5,1
time=2
distance=1.2
type=1
speed=9
save=[0,-3.6]
path=left,right
bonus=0,2,1,4
attack=true
#Wave 7
# Sap xep theo cot
#*0000000*
#*1111111*
#*0000000*
#*1111111*
#*0110110*
[7,50,0,0,0.0,1,1][2,25,1,0,2.0,1,1][4,18,2,0,4.0,1,1][2,25,3,0,6.0,1,1][4,18,4,0,1.4,1,0][2,25,5,0,3.4,1,0][4,18,6,0,5.4,1,0]
[2,25,0,1,0.4,1,1][8,44,1,1,2.4,1,1][2,25,2,1,4.4,1,1][8,44,3,1,6.4,1,1][2,25,4,1,1.8,1,0][8,44,5,1,3.8,1,0][2,25,6,1,5.8,1,0]
[4,18,0,2,0.8,1,1][2,25,1,2,2.8,1,1][4,18,2,2,4.8,1,1][2,25,3,2,0.2,1,0][4,18,4,2,2.2,1,0][2,25,5,2,4.2,1,0][4,18,6,2,6.2,1,0]
[2,25,0,3,1.2,1,1][8,44,1,3,3.2,1,1][2,25,2,3,5.2,1,1][8,44,3,3,0.6,1,0][2,25,4,3,2.6,1,0][8,44,5,3,4.6,1,0][2,25,6,3,6.6,1,0]
[4,18,0,4,1.6,1,1][2,25,1,4,3.6,1,1][4,18,2,4,5.6,1,1][2,25,3,4,1.0,1,0][4,18,4,4,3.0,1,0][2,25,5,4,5.0,1,0][4,18,6,4,7.0,1,0]
;
tile=Space 3!
start=5,1
time=1
distance=0.9
speed=4
type=1
bonus=0,1,0,1,2,3
#Wave 8
#0*0123456*
#1*0123456*
#2*0123456*
#3*0123456*
[6,45,0,-1,0,1,1][6,45,2,-1,1.6,1,0][6,45,4,-1,3.2,1,0]
[6,45,-1,1,0.4,1,0][3,35,2,1,2.0,1,1][6,45,5,1,3.6,1,0]
[6,45,0,3,0.8,1,1][6,45,2,3,2.4,1,0][6,45,4,3,4.0,1,0]
[2,30,-1,5,1.2,1,0][2,30,2,5,2.8,1,1][2,30,4,5,4.4,1,0]
;
tile=Enemy Space!
start=5,1
time=1
speed=6
type=1
bonus=0,1,0,1,2,3
#Wave 9
#0*0123456*
#1*0123456*
#2*0123456*
#3*0123456*
[3,40,1,1,0,1,1][6,50,3,1,1.6,1,0][3,40,5,1,3.2,1,0]
[6,50,3,3,0.4,1,0][6,50,2,3,2.0,1,1][6,50,5,6,3.6,1,0]
[6,50,1,4,0.8,1,1][6,50,0,4,2.4,1,0][6,50,3,6,4.0,1,0]
[3,40,2,4,1.2,1,0][6,50,3,4,2.8,1,1][3,40,0,6,4.4,1,0]
;
tile=Enemy Space!
start=5,1
time=1
speed=6
type=1
bonus=0,1,0,1,2,3
#Wave 10
#0*0123456*
#1*0123456*
#2*0123456*
#3*0123456*
[3,40,1,1,0,1,1][6,50,3,1,1.6,1,0][3,40,5,1,3.2,1,0]
[6,50,3,3,0.4,1,0][6,50,2,3,2.0,1,1][6,50,5,6,3.6,1,0]
[6,50,1,4,0.8,1,1][6,50,0,4,2.4,1,0][6,50,3,6,4.0,1,0]
[3,40,2,4,1.2,1,0][6,50,3,4,2.8,1,1][3,40,0,6,4.4,1,0]
;
tile=Meteorite!
distance=1
start=0,-1      
time=1
type=2
thienthach=1
speed=2
bonus=2,3,2,3
#Wave 11
# 2 khong sap xep theo hang cot
#*1*3*4*5*
#**2*4*6**
#*1011101*
#*3333333*
#*0110110*
[3,10,1,0,1.0,1,0][2,5,2,0,2.0,1,0][2,16,2,0,4.0,1,0][0,20,3,0,3.3,1,1][0,2,5,0,1.6,1,1][3,16,6,0,2.6,1,1]
[2,18,1,1,2.2,1,0][2,5,3,1,4.2,1,0][3,70,2,1,1.4,1,1][1,1,5,1,1.8,1,1][1,5,6,1,2.8,1,1]
[3,12,0,2,1.4,1,0][1,3,1,2,3.0,1,0][2,3,2,2,2.4,1,0][0,5,1,2,1.9,1,1][1,5,4,2,1.0,1,1][3,1,5,2,2.0,1,1][1,40,6,2,3.0,1,1]
[0,10,0,3,1.6,1,0][3,30,1,3,2.6,1,0][3,55,1,3,5.2,1,1][0,5,4,3,1.2,1,1][1,3,5,3,2.2,1,1][1,5,6,3,3.3,1,1]
[1,40,0,4,2.2,1,0][2,5,1,4,2.8,1,0][1,3,2,4,1.2,1,0][3,30,1,4,5.4,1,1][1,5,4,4,0.2,1,1][3,7,5,4,2.4,1,1]
[1,3,0,5,2.2,1,0][2,5,1,5,2.8,1,0][0,15,1,5,5.4,1,1][1,50,4,5,0.2,1,1][3,27,5,5,2.4,1,1][3,6,6,5,3.4,1,1]
[0,10,0,6,1.4,1,0][2,3,2,6,2.4,1,0][0,5,1,6,1.9,1,1][1,5,4,6,1.0,1,1][3,40,5,6,2.0,1,1][1,5,6,6,3.0,1,1]
[3,1,0,7,1.0,1,0][2,55,2,7,2.0,1,0][2,6,3,7,4.0,1,0][0,2,5,7,1.6,1,1][3,6,6,7,2.6,1,1]
[0,30,2,8,1.6,1,0][3,35,4,8,5.2,1,1][1,25,6,8,3.3,1,1]
;
tile=Enemy Run!
start=5,1
time=2
type=1
speed=1
save=[0,-3.6]
distance=1.2
thienthach=1
bonus=2,2,1,4
#Wave12
# Sap xep theo cot
#*0000000*
#*1111111*
#*0000000*
#*1111111*
#*0110110*
[3,30,0,0,0.0,1,1][0,30,1,0,1.0,1,1][3,30,2,0,2.0,1,1][0,30,3,0,3.0,1,1][1,30,4,0,0.6,1,0][1,30,5,0,2.6,1,0][0,30,6,0,3.6,1,0]
[2,39,0,1,0.2,1,1][2,39,1,1,1.2,1,1][0,39,2,1,2.2,1,1][0,39,3,1,3.2,1,1][0,39,4,1,0.8,1,0][1,39,5,1,2.8,1,0][0,39,6,1,3.8,1,0]
[3,30,0,2,0.4,1,1][3,30,1,2,1.4,1,1][0,30,2,2,2.4,1,1][3,30,3,2,0.0,1,0][3,30,4,2,2.0,1,0][0,30,5,2,3.0,1,0][3,30,6,2,4.0,1,0]
[1,39,0,3,0.6,1,1][1,39,1,3,1.6,1,1][1,39,2,3,2.6,1,1][0,39,3,3,0.2,1,0][0,39,4,3,2.2,1,0][0,39,5,3,3.2,1,0][1,39,6,3,4.2,1,0]
[0,30,0,4,0.8,1,1][0,30,1,4,1.8,1,1][1,30,2,4,2.8,1,1][1,30,3,4,0.4,1,0][1,30,4,4,2.4,1,0][3,30,5,4,3.4,1,0][3,30,6,4,4.4,1,0]
[1,3,0,5,2.2,1,0][2,5,1,5,2.8,1,0][0,15,1,5,5.4,1,1][1,50,4,5,0.2,1,1][3,27,5,5,2.4,1,1][3,6,6,5,3.4,1,1]
[0,10,0,6,1.4,1,0][2,3,2,6,2.4,1,0][0,5,1,6,1.9,1,1][1,5,4,6,1.0,1,1][3,40,5,6,2.0,1,1][1,5,6,6,3.0,1,1]
[3,1,0,7,1.0,1,0][2,55,2,7,2.0,1,0][2,6,3,7,4.0,1,0][0,2,5,7,1.6,1,1][3,6,6,7,2.6,1,1]
[0,30,2,8,1.6,1,0][3,35,4,8,5.2,1,1][1,25,6,8,3.3,1,1]
;
tile=Enemy Run!
start=5,1
time=2
type=1
speed=1
save=[0,-3.6]
distance=1.2
thienthach=1
bonus=2,2,1,4
#Wave13
# Sap xep theo cot
#*0000000*
#*1111111*
#*0000000*
#*1111111*
#*0110110*
[3,30,0,0,0.0,1,1][0,30,1,0,1.0,1,1][3,30,2,0,2.0,1,1][0,30,3,0,3.0,1,1][1,30,4,0,0.6,1,0][1,30,5,0,2.6,1,0][0,30,6,0,3.6,1,0]
[2,39,0,1,0.2,1,1][2,39,1,1,1.2,1,1][0,39,2,1,2.2,1,1][0,39,3,1,3.2,1,1][0,39,4,1,0.8,1,0][1,39,5,1,2.8,1,0][0,39,6,1,3.8,1,0]
[3,30,0,2,0.4,1,1][3,30,1,2,1.4,1,1][0,30,2,2,2.4,1,1][3,30,3,2,0.0,1,0][3,30,4,2,2.0,1,0][0,30,5,2,3.0,1,0][3,30,6,2,4.0,1,0]
[1,39,0,3,0.6,1,1][1,39,1,3,1.6,1,1][1,39,2,3,2.6,1,1][0,39,3,3,0.2,1,0][0,39,4,3,2.2,1,0][0,39,5,3,3.2,1,0][1,39,6,3,4.2,1,0]
[0,30,0,4,0.8,1,1][0,30,1,4,1.8,1,1][1,30,2,4,2.8,1,1][1,30,3,4,0.4,1,0][1,30,4,4,2.4,1,0][3,30,5,4,3.4,1,0][3,30,6,4,4.4,1,0]
[1,3,0,5,2.2,1,0][2,5,1,5,2.8,1,0][0,15,1,5,5.4,1,1][1,50,4,5,0.2,1,1][3,27,5,5,2.4,1,1][3,6,6,5,3.4,1,1]
[0,10,0,6,1.4,1,0][2,3,2,6,2.4,1,0][0,5,1,6,1.9,1,1][1,5,4,6,1.0,1,1][3,40,5,6,2.0,1,1][1,5,6,6,3.0,1,1]
[3,1,0,7,1.0,1,0][2,55,2,7,2.0,1,0][2,6,3,7,4.0,1,0][0,2,5,7,1.6,1,1][3,6,6,7,2.6,1,1]
[0,30,2,8,1.6,1,0][3,35,4,8,5.2,1,1][1,25,6,8,3.3,1,1]
;
tile=Enemy Run!
start=5,1
time=2
distance=1.1
type=1
speed=9
save=[0,-3.6]
path=left,right
bonus=0,2,1,4
#Wave 14
# Sap xep theo cot
#*0000000*
#*1111111*
#*0000000*
#*1111111*
#*0110110*
[4,70,0,0,0.0,1,1][2,40,1,0,2.0,1,1][4,50,2,0,4.0,1,1][2,40,3,0,6.0,1,1][4,70,4,0,1.4,1,0][2,40,5,0,3.4,1,0][4,70,6,0,5.4,1,0]
[2,40,0,1,0.4,1,1][8,80,1,1,2.4,1,1][2,15,2,1,4.4,1,1][8,80,3,1,6.4,1,1][2,40,4,1,1.8,1,0][8,80,5,1,3.8,1,0][2,40,6,1,5.8,1,0]
[4,70,0,2,0.8,1,1][2,40,1,2,2.8,1,1][4,50,2,2,4.8,1,1][2,40,3,2,0.2,1,0][4,70,4,2,2.2,1,0][2,40,5,2,4.2,1,0][4,70,6,2,6.2,1,0]
[2,40,0,3,1.2,1,1][8,80,1,3,3.2,1,1][2,15,2,3,5.2,1,1][8,80,3,3,0.6,1,0][2,40,4,3,2.6,1,0][8,80,5,3,4.6,1,0][2,40,6,3,6.6,1,0]
[4,70,0,4,1.6,1,1][2,40,1,4,3.6,1,1][4,50,2,4,5.6,1,1][2,40,3,4,1.0,1,0][4,70,4,4,3.0,1,0][2,40,5,4,5.0,1,0][4,70,6,4,7.0,1,0]
;
tile=Enemy Run!
start=5,1
time=2
distance=1.1
type=1
speed=9
save=[0,-3.6]
path=cross2,cross1
bonus=0,2,1,4
#Wave 15
# Sap xep theo cot
#*0000000*
#*1111111*
#*0000000*
#*1111111*
#*0110110*
[4,60,0,0,0.0,1,1][2,40,1,0,1.0,1,1][4,60,2,0,2.0,1,1][2,40,3,0,3.0,1,1][4,60,4,0,0.6,1,0][2,40,5,0,1.6,1,0][4,60,6,0,2.6,1,0]
[2,40,0,1,0.2,1,1][8,30,1,1,1.2,1,1][2,40,2,1,2.2,1,1][8,30,3,1,3.2,1,1][2,40,4,1,0.8,1,0][8,30,5,1,1.8,1,0][2,40,6,1,2.8,1,0]
[4,60,0,2,0.4,1,1][2,40,1,2,1.4,1,1][4,60,2,2,2.4,1,1][2,40,3,2,0.0,1,0][4,60,4,2,1.0,1,0][2,40,5,2,2.0,1,0][4,60,6,2,3.0,1,0]
[2,40,0,3,0.6,1,1][8,30,1,3,1.6,1,1][2,40,2,3,2.6,1,1][8,30,3,3,0.2,1,0][2,40,4,3,1.2,1,0][8,30,5,3,2.2,1,0][2,40,6,3,3.2,1,0]
[4,60,0,4,0.8,1,1][2,40,1,4,1.8,1,1][4,60,2,4,2.8,1,1][2,40,3,4,0.4,1,0][4,60,4,4,1.4,1,0][2,40,5,4,2.4,1,0][4,60,6,4,3.4,1,0]
;
