tile=Space 3!
start=5,1
time=1
speed=9
distance=0.8
type=1
bonus=1,3,1,2,3
#Wave 13
#0*0123456*
#1*0123456*
#2*0123456*
#3*0123456*
[6,60,0,0,0.2,1,1][6,60,3,0,1.0,1,0][6,60,6,0,1.8,1,0]
[6,60,0,2,0.4,1,0][6,60,3,2,1.2,1,1][6,60,6,2,2.0,1,0]
[6,60,0,4,0.6,1,1][6,60,3,4,1.4,1,0][6,60,6,4,2.2,1,0]
;
start=5,1
time=1
type=2
speed=9
bonus=1,2,0,1
distance=1.1
path=triangel
#Wave 1
# 2 khong sap xep theo hang cot
#*1*3*4*5*
#**2*4*6**
#*1011101*
#*3333333*
#*0110110*
[5,12,0,0,0.0,1,0][3,8,1,0,1.0,1,0][5,12,2,0,2.0,1,0][3,8,3,0,3.0,1,0][5,12,4,0,4.0,1,0][3,8,5,0,5.0,1,0][5,12,6,0,6.0,1,0]
[3,8,0,1,0.2,1,0][5,12,1,1,1.2,1,0][3,8,2,1,2.2,1,0][5,12,3,1,3.2,1,0][3,8,4,1,4.2,1,0][5,12,5,1,5.2,1,0][3,8,6,1,6.2,1,0]
[5,12,0,2,0.4,1,0][3,8,1,2,1.4,1,0][5,12,2,2,2.4,1,0][3,8,3,2,3.4,1,0][5,12,4,2,4.4,1,0][3,8,5,2,5.4,1,0][5,12,6,2,6.4,1,0]
[3,8,0,3,0.6,1,0][5,12,1,3,1.6,1,0][3,8,2,3,2.6,1,0][5,12,3,3,3.6,1,0][3,8,4,3,4.6,1,0][5,12,5,3,5.6,1,0][3,8,6,3,6.6,1,0]
[5,12,0,4,0.8,1,0][3,8,1,4,1.8,1,0][5,12,2,4,2.8,1,0][3,8,3,4,3.8,1,0][5,12,4,4,4.8,1,0][3,8,5,4,5.8,1,0][5,12,6,4,6.8,1,0]
;
start=5,1
time=1
type=2
speed=9
bonus=1,2,0,1
distance=1.1
#Wave 2
# 2 khong sap xep theo hang cot
#*1*3*4*5*
#**2*4*6**
#*1011101*
#*3333333*
#*0110110*
[4,15,0,0,0.0,1,0][3,10,1,0,1.0,1,0][4,15,2,0,2.0,1,0][3,10,3,0,3.0,1,0][4,15,4,0,4.0,1,0][3,10,5,0,5.0,1,0][4,15,6,0,6.0,1,0]
[4,15,0,1,0.2,1,0][3,10,1,1,1.2,1,0][4,15,2,1,2.2,1,0][3,10,3,1,3.2,1,0][4,15,4,1,4.2,1,0][3,10,5,1,5.2,1,0][4,15,6,1,6.2,1,0]
[4,15,0,2,0.4,1,0][3,10,1,2,1.4,1,0][4,15,2,2,2.4,1,0][3,10,3,2,3.4,1,0][4,15,4,2,4.4,1,0][3,10,5,2,5.4,1,0][4,15,6,2,6.4,1,0]
[4,15,0,3,0.6,1,0][3,10,1,3,1.6,1,0][4,15,2,3,2.6,1,0][3,10,3,3,3.6,1,0][4,15,4,3,4.6,1,0][3,10,5,3,5.6,1,0][4,15,6,3,6.6,1,0]
[4,15,0,4,0.8,1,0][3,10,1,4,1.8,1,0][4,15,2,4,2.8,1,0][3,10,3,4,3.8,1,0][4,15,4,4,4.8,1,0][3,10,5,4,5.8,1,0][4,15,6,4,6.8,1,0]
;
tile=Enemy Heart !
start=5,1
speed=8
time=1
type=2
distance=0.9
bonus=2,2,0,3
#Wave 3
#__0123456_
#0**00*00**
#1*0220220*
#2*0222220*
#3**02220**
#4***020***
#5****0****
[0,15,1,0,0.0,1,0][0,15,2,0,1.0,1,0][0,15,4,0,2.0,1,1][0,15,5,0,3.0,1,1]
[0,15,0,1,0.2,1,0][0,15,1,1,1.2,1,0][0,15,2,1,2.2,1,0][0,15,3,1,3.2,1,0][0,15,4,1,4.0,1,1][0,15,5,1,5.0,1,1][0,15,6,1,6.0,1,1]
[1,17,0,2,0.4,1,0][1,17,1,2,1.4,1,0][1,17,2,2,2.4,1,0][1,17,3,2,3.4,1,1][1,17,4,2,4.2,1,1][1,17,5,2,5.2,1,1][1,17,6,2,6.2,1,1]
[2,20,1,3,0.6,1,0][2,20,2,3,1.6,1,0][2,20,3,3,2.6,1,0][2,20,4,3,3.6,1,1][2,20,5,3,4.6,1,1]
[3,22,2,4,0.8,1,0][3,22,3,4,1.8,1,1][3,22,4,4,2.8,1,1]
[7,60,3,5,1.0,1,0]
;
tile=Enemy Run!
start=5,1
time=2
type=1
speed=9
distance=1.1
save=[0,-3.6]
path=path9,path10
bonus=0,2,1,4
#Wave 4
# Sap xep theo cot
#*0000000*
#*1111111*
#*0000000*
#*1111111*
#*0110110*
[4,18,0,0,0.0,1,1][2,15,1,0,1.0,1,1][4,18,2,0,2.0,1,1][2,15,3,0,3.0,1,1][4,18,4,0,0.6,1,0][2,15,5,0,1.6,1,0][4,18,6,0,2.6,1,0]
[2,15,0,1,0.2,1,1][8,30,1,1,1.2,1,1][2,15,2,1,2.2,1,1][8,30,3,1,3.2,1,1][2,15,4,1,0.8,1,0][8,30,5,1,1.8,1,0][2,15,6,1,2.8,1,0]
[4,18,0,2,0.4,1,1][2,15,1,2,1.4,1,1][4,18,2,2,2.4,1,1][2,15,3,2,0.0,1,0][4,18,4,2,1.0,1,0][2,15,5,2,2.0,1,0][4,18,6,2,3.0,1,0]
[2,15,0,3,0.6,1,1][8,30,1,3,1.6,1,1][2,15,2,3,2.6,1,1][8,30,3,3,0.2,1,0][2,15,4,3,1.2,1,0][8,30,5,3,2.2,1,0][1,15,6,3,3.2,1,0]
[4,18,0,4,0.8,1,1][2,15,1,4,1.8,1,1][4,18,2,4,2.8,1,1][2,15,3,4,0.4,1,0][4,18,4,4,1.4,1,0][2,15,5,4,2.4,1,0][4,18,6,4,3.4,1,0]
;
tile=Enemy Run!
start=5,1
time=1
type=1
speed=4
distance=1
bonus=1,1,2,3
#Wave 5
# Sap xep theo cot
#*4010104*
#*1142411*
#*1011101*
#*3333333*
#*0110110*
[0,15,0,0,0,1,0][4,20,1,0,0,1,0][0,15,2,0,0,1,0][4,20,3,0,0,1,0][0,15,4,0,0,1,0][4,20,5,0,0,1,0][0,15,6,0,0,1,0]
[0,15,0,1,0,1,1][2,18,1,1,0,1,1][0,15,2,1,0,1,1][2,18,3,1,0,1,1][0,15,4,1,0,1,1][2,18,5,1,0,1,1][0,15,6,1,0,1,1]
[0,15,0,2,2,1,0][4,20,1,2,2,1,0][0,15,2,2,2,1,0][4,20,3,2,2,1,0][0,15,4,2,2,1,0][2,18,5,2,2,1,0][0,15,6,2,2,1,0]
[0,15,0,3,2,1,1][2,18,1,3,2,1,1][0,15,2,3,2,1,1][2,18,3,3,2,1,1][0,15,4,3,2,1,1][4,20,5,3,2,1,1][0,15,6,3,2,1,1]
[0,15,0,4,4,1,0][4,20,1,4,4,1,0][0,15,2,4,4,1,0][4,20,3,4,4,1,0][0,15,4,4,4,1,0][4,20,5,4,4,1,0][0,15,6,4,4,1,0]
;
tile=Meteorite!
distance=1
start=0,-1      
time=1
type=2
thienthach=1
speed=1
bonus=2,3,2,3
#Wave 6
# 2 khong sap xep theo hang cot
#*1*3*4*5*
#**2*4*6**
#*1011101*
#*3333333*
#*0110110*
[3,2,0,0,1.0,1,0][0,1,1,0,1.0,1,0][2,50,2,0,2.0,1,0][2,6,3,0,4.0,1,0][0,6,3,0,3.3,1,1][0,2,5,0,1.6,1,1][3,6,6,0,2.6,1,1]
[0,1,0,1,1.2,1,0][2,25,1,1,2.2,1,0][2,5,3,1,4.2,1,0][3,50,2,1,1.4,1,1][1,1,5,1,1.8,1,1][1,5,6,1,2.8,1,1]
[2,3,0,2,1.4,1,0][1,3,2,2,3.0,1,0][3,3,2,2,2.4,1,0][1,5,1,2,1.9,1,1][1,5,4,2,1.0,1,1][3,30,5,2,2.0,1,1][1,5,6,2,3.0,1,1]
[1,1,0,3,1.6,1,0][3,3,1,3,2.6,1,0][3,1,2,3,2.6,1,0][3,5,1,3,5.2,1,1][0,20,4,3,1.2,1,1][1,15,5,3,2.2,1,1][0,5,6,3,3.3,1,1]
[3,20,0,4,2.2,1,0][2,50,2,4,2.8,1,0][1,3,2,4,1.2,1,0][0,5,3,4,5.4,1,1][1,5,4,4,0.2,1,1][3,7,5,4,2.4,1,1][3,50,6,4,3.4,1,1]
[3,3,0,5,2.3,1,0][2,15,2,5,2.8,1,0][1,3,2,5,1.2,1,0][0,5,1,3,5.4,1,1][1,5,4,5,0.2,1,1][3,7,5,5,2.4,1,1][2,6,6,5,3.4,1,1]
[0,3,0,6,1.4,1,0][2,30,2,6,2.4,1,0][0,30,3,6,1.9,1,1][1,5,4,6,1.0,1,1][3,1,5,6,2.0,1,1][1,30,6,6,3.0,1,1]
[3,3,1,7,3.0,1,0][1,30,2,7,2.4,1,0][3,30,3,7,1.9,1,1][1,5,4,7,1.0,1,1][2,1,5,7,2.0,1,1][3,30,6,7,3.0,1,1]
[0,3,0,7,1.4,1,0][2,30,2,7,2.4,1,0][0,30,3,7,1.9,1,1][2,1,5,7,2.0,1,1][0,30,6,7,3.0,1,1]
[1,1,0,8,1.6,1,0][3,3,1,8,2.6,1,0][3,1,2,8,2.6,1,0][3,5,3,8,5.2,1,1][0,20,4,8,1.2,1,1][1,15,5,8,2.2,1,1][0,5,6,8,3.3,1,1]
;
tile=Meteorite!
distance=1
start=0,-1      
time=1
type=2
thienthach=1
speed=1
bonus=2,3,2,3
#Wave 7
# 2 khong sap xep theo hang cot
#*1*3*4*5*
#**2*4*6**
#*1011101*
#*3333333*
#*0110110*
[3,2,0,0,1.0,1,0][0,1,1,0,1.0,1,0][2,50,2,0,2.0,1,0][2,6,3,0,4.0,1,0][0,6,3,0,3.3,1,1][0,2,5,0,1.6,1,1][3,6,6,0,2.6,1,1]
[0,1,0,1,1.2,1,0][2,25,1,1,2.2,1,0][2,5,3,1,4.2,1,0][3,50,2,1,1.4,1,1][1,1,5,1,1.8,1,1][1,5,6,1,2.8,1,1]
[2,3,0,2,1.4,1,0][1,3,2,2,3.0,1,0][3,3,2,2,2.4,1,0][1,5,1,2,1.9,1,1][1,5,4,2,1.0,1,1][3,30,5,2,2.0,1,1][1,5,6,2,3.0,1,1]
[1,1,0,3,1.6,1,0][3,3,1,3,2.6,1,0][3,1,2,3,2.6,1,0]
[3,20,0,4,2.2,1,0][2,50,2,4,2.8,1,0][1,3,2,4,1.2,1,0][0,5,3,4,5.4,1,1][1,5,4,4,0.2,1,1][3,7,5,4,2.4,1,1][3,50,6,4,3.4,1,1]
[3,3,0,5,2.3,1,0][2,15,2,5,2.8,1,0][1,3,2,5,1.2,1,0][0,5,1,3,5.4,1,1][1,5,4,5,0.2,1,1][3,7,5,5,2.4,1,1][2,6,6,5,3.4,1,1]
[0,3,0,6,1.4,1,0][2,30,2,6,2.4,1,0][0,30,3,6,1.9,1,1][1,5,4,6,1.0,1,1][3,1,5,6,2.0,1,1][1,30,6,6,3.0,1,1]
[3,30,3,7,1.9,1,1][1,5,4,7,1.0,1,1][2,1,5,7,2.0,1,1][3,30,6,7,3.0,1,1]
[0,3,0,7,1.4,1,0][2,30,2,7,2.4,1,0][0,30,3,7,1.9,1,1][2,1,5,7,2.0,1,1][0,30,6,7,3.0,1,1]
[1,1,0,8,1.6,1,0][3,3,1,8,2.6,1,0][3,1,2,8,2.6,1,0][3,5,3,8,5.2,1,1][0,20,4,8,1.2,1,1][1,15,5,8,2.2,1,1][0,5,6,8,3.3,1,1]
;
tile=Meteorite!
distance=1
start=0,-1      
time=1
type=2
thienthach=1
speed=2
bonus=2,3,2,3
#Wave 8
# 2 khong sap xep theo hang cot
#*1*3*4*5*
#**2*4*6**
#*1011101*
#*3333333*
#*0110110*
[0,1,0,1,1.2,1,0][2,25,1,1,2.2,1,0][2,5,3,1,4.2,1,0][3,50,2,1,1.4,1,1][1,1,5,1,1.8,1,1][1,5,6,1,2.8,1,1]
[2,3,0,2,1.4,1,0][1,3,2,2,3.0,1,0][3,3,2,2,2.4,1,0][1,5,1,2,1.9,1,1][1,5,4,2,1.0,1,1][3,30,5,2,2.0,1,1]
[1,1,0,3,1.6,1,0][3,3,1,3,2.6,1,0][3,1,2,3,2.6,1,0][3,5,1,3,5.2,1,1][0,20,4,3,1.2,1,1][1,15,5,3,2.2,1,1][0,5,6,3,3.3,1,1]
[3,20,0,4,2.2,1,0][2,50,2,4,2.8,1,0][1,3,2,4,1.2,1,0][0,5,3,4,5.4,1,1][1,5,4,4,0.2,1,1][3,7,5,4,2.4,1,1][3,50,6,4,3.4,1,1]
[3,3,0,5,2.3,1,0][2,15,2,5,2.8,1,0][1,3,2,5,1.2,1,0][0,5,1,3,5.4,1,1][1,5,4,5,0.2,1,1][3,7,5,5,2.4,1,1][2,6,6,5,3.4,1,1]
[0,3,0,6,1.4,1,0][2,30,2,6,2.4,1,0][1,5,4,6,1.0,1,1][3,1,5,6,2.0,1,1][1,30,6,6,3.0,1,1]
[3,3,1,7,3.0,1,0][1,30,2,7,2.4,1,0][3,30,3,7,1.9,1,1][1,5,4,7,1.0,1,1][2,1,5,7,2.0,1,1][3,30,6,7,3.0,1,1]
[0,3,0,7,1.4,1,0][0,30,3,7,1.9,1,1][2,1,5,7,2.0,1,1][0,30,6,7,3.0,1,1]
[1,1,0,8,1.6,1,0][3,3,1,8,2.6,1,0][3,1,2,8,2.6,1,0][3,5,3,8,5.2,1,1][0,20,4,8,1.2,1,1][1,15,5,8,2.2,1,1][0,5,6,8,3.3,1,1]
;
tile=Enemy Wave!
start=5,-4
speed=10
distance=0.9
time=1
type=1
safe=[0,-3.6]
bonus=0,1,1,2
path=star,path12
loop=true
#Wave 9
[3,13,0,0,0.0,1,0][3,13,1,0,1.0,1,0][3,13,2,0,2.0,1,0][3,13,3,0,3.0,1,0][3,13,4,0,4.0,1,0][3,13,5,0,5.0,1,0][3,13,6,0,6.0,1,0]
[5,25,0,1,0.2,1,0][5,30,1,1,1.2,1,0][5,25,2,1,2.2,1,0][5,30,3,1,3.2,1,0][5,25,4,1,4.2,1,0][5,30,5,1,5.2,1,0][5,25,6,1,6.2,1,0]
[5,25,0,2,0.4,1,0][5,30,1,2,1.4,1,0][5,25,2,2,2.4,1,0][5,30,3,2,3.4,1,0][5,25,4,2,4.4,1,0][5,30,5,2,5.4,1,0][5,25,6,2,6.4,1,0]
[5,25,0,3,0.6,1,0][5,30,1,3,1.6,1,0][5,25,2,3,2.6,1,0][5,30,3,3,3.6,1,0][5,25,4,3,4.6,1,0][5,30,5,3,5.6,1,0][5,25,6,3,6.6,1,0]
[5,25,0,4,0.8,1,0][5,30,1,4,1.8,1,0][5,25,2,4,2.8,1,0][5,30,3,4,3.8,1,0][5,25,4,4,4.8,1,0][5,30,5,4,5.8,1,0][5,25,6,4,6.8,1,0]
[6,70,0,0,0.0,1,1]
;
tile=Enemy Wave!
start=5,-4
speed=10
distance=0.9
time=1
type=1
safe=[0,-3.6]
bonus=0,1,1,2
path=twirl
loop=true
#Wave 10
[3,13,0,0,0.0,1,0][3,13,1,0,1.0,1,0][3,13,2,0,2.0,1,0][3,13,3,0,3.0,1,0][3,13,4,0,4.0,1,0][3,13,5,0,5.0,1,0][3,13,6,0,6.0,1,0]
[5,40,0,1,0.2,1,0][5,40,1,1,1.2,1,0][5,40,2,1,2.2,1,0][5,40,3,1,3.2,1,0][5,40,4,1,4.2,1,0][5,40,5,1,5.2,1,0][5,40,6,1,6.2,1,0]
[5,40,0,2,0.4,1,0][5,40,1,2,1.4,1,0][5,40,2,2,2.4,1,0][5,40,3,2,3.4,1,0][5,40,4,2,4.4,1,0][5,40,5,2,5.4,1,0][5,40,6,2,6.4,1,0]
[5,40,0,3,0.6,1,0][5,40,1,3,1.6,1,0][5,40,2,3,2.6,1,0][5,40,3,3,3.6,1,0][5,40,4,3,4.6,1,0][5,40,5,3,5.6,1,0][5,40,6,3,6.6,1,0]
[5,40,0,4,0.8,1,0][5,40,1,4,1.8,1,0][5,40,2,4,2.8,1,0][5,40,3,4,3.8,1,0][5,40,4,4,4.8,1,0][5,40,5,4,5.8,1,0][5,40,6,4,6.8,1,0]
;
tile=Space 3!
start=5,1
time=1
speed=9
distance=0.8
type=1
bonus=1,3,1,2,3
#Wave 13
#0*0123456*
#1*0123456*
#2*0123456*
#3*0123456*
[6,50,0,0,0.2,1,1][6,50,3,0,1.0,1,0][6,50,6,0,1.8,1,0]
[6,50,0,2,0.4,1,0][8,60,3,2,1.2,1,1][6,50,6,2,2.0,1,0]
[6,50,0,4,0.6,1,1][6,50,3,4,1.4,1,0][6,50,6,4,2.2,1,0]
;
tile=Space 3!
start=5,1
time=1
speed=9
distance=0.8
type=1
bonus=1,3,1,2,3
#Wave 13
#0*0123456*
#1*0123456*
#2*0123456*
#3*0123456*
[6,60,0,0,0.2,1,1][6,60,3,0,1.0,1,0][6,60,6,0,1.8,1,0]
[6,60,0,2,0.4,1,0][6,60,3,2,1.2,1,1][6,60,6,2,2.0,1,0]
[6,60,0,4,0.6,1,1][6,60,3,4,1.4,1,0][6,60,6,4,2.2,1,0]
;
tile=Space 3!
start=5,1
time=1
speed=9
distance=0.8
type=1
bonus=1,3,1,2,3
#Wave 14
#0*0123456*
#1*0123456*
#2*0123456*
#3*0123456*
[6,60,0,0,0.2,1,1][6,60,3,0,1.0,1,0][6,60,6,0,1.8,1,0]
[6,60,0,2,0.4,1,0][6,60,3,2,1.2,1,1][6,60,6,2,2.0,1,0]
[6,60,0,4,0.6,1,1][6,60,3,4,1.4,1,0][6,60,6,4,2.2,1,0]
[5,40,1,5,1.8,1,0][5,40,3,5,3.8,1,0][5,40,5,5,5.8,1,0]
;
tile=Enemy Wave!
start=5,-4
speed=10
distance=1.1
time=1
type=1
safe=[0,-3.6]
bonus=0,1,1,2
path=path13
#Wave 15
[3,13,0,0,0.0,1,0][3,13,1,0,1.0,1,0][3,13,2,0,2.0,1,0][3,13,3,0,3.0,1,0][3,13,4,0,4.0,1,0][3,13,5,0,5.0,1,0][3,13,6,0,6.0,1,0]
[5,40,0,1,0.2,1,0][5,40,1,1,1.2,1,0][5,40,2,1,2.2,1,0][5,40,3,1,3.2,1,0][5,40,4,1,4.2,1,0][5,40,5,1,5.2,1,0][5,40,6,1,6.2,1,0]
[5,40,0,2,0.4,1,0][5,40,1,2,1.4,1,0][5,40,2,2,2.4,1,0][5,40,3,2,3.4,1,0][5,40,4,2,4.4,1,0][5,40,5,2,5.4,1,0][5,40,6,2,6.4,1,0]
[5,40,0,3,0.6,1,0][5,40,1,3,1.6,1,0][5,40,2,3,2.6,1,0][5,40,3,3,3.6,1,0][5,40,4,3,4.6,1,0][5,40,5,3,5.6,1,0][5,40,6,3,6.6,1,0]
[5,40,0,4,0.8,1,0][5,40,1,4,1.8,1,0][5,40,2,4,2.8,1,0][5,40,3,4,3.8,1,0][5,40,4,4,4.8,1,0][5,40,5,4,5.8,1,0][5,40,6,4,6.8,1,0]
;
tile=Enemy Wave!
start=5,-4
speed=10
distance=1.1
time=1
type=1
safe=[0,-3.6]
bonus=0,1,1,2
path=path9,path10
#Wave 15
[3,13,0,0,0.0,1,0][3,13,1,0,1.0,1,0][3,13,2,0,2.0,1,0][3,13,3,0,3.0,1,0][3,13,4,0,0.6,1,1][3,13,5,0,1.6,1,1][3,13,6,0,2.6,1,1]
[5,40,0,1,0.2,1,0][5,40,1,1,1.2,1,0][5,40,2,1,2.2,1,0][5,40,3,1,3.2,1,0][5,40,4,1,0.8,1,1][5,40,5,1,1.8,1,1][5,40,6,1,2.8,1,1]
[5,40,0,2,0.4,1,0][5,40,1,2,1.4,1,0][5,40,2,2,2.4,1,0][5,40,3,2,0.0,1,1][5,40,4,2,1.0,1,1][5,40,5,2,2.0,1,1][5,40,6,2,3.0,1,1]
[5,40,0,3,0.6,1,0][5,40,1,3,1.6,1,0][5,40,2,3,2.6,1,0][5,40,3,3,0.2,1,1][5,40,4,3,1.2,1,1][5,40,5,3,2.2,1,1][5,40,6,3,3.2,1,1]
[5,40,0,4,0.8,1,0][5,40,1,4,1.8,1,0][5,40,2,4,2.8,1,0][5,40,3,4,0.4,1,1][5,40,4,4,1.4,1,1][5,40,5,4,2.4,1,1][5,40,6,4,3.4,1,1]
;