tile=Enemy Run!
start=5,1
time=2
type=1
speed=9
distance=1.1
save=[0,-3.6]
path=arrow2,arrow1
bonus=0,2,1,4
#Wave 5
# Sap xep theo cot
#*0000000*
#*1111111*
#*0000000*
#*1111111*
#*0110110*
[4,25,0,0,0.0,1,1][2,15,1,0,1.0,1,1][4,25,2,0,2.0,1,1][2,15,3,0,3.0,1,1][4,25,4,0,0.6,1,0][2,15,5,0,1.6,1,0][4,25,6,0,2.6,1,0]
[2,15,0,1,0.2,1,1][8,35,1,1,1.2,1,1][2,15,2,1,2.2,1,1][8,35,3,1,3.2,1,1][2,15,4,1,0.8,1,0][8,35,5,1,1.8,1,0][2,15,6,1,2.8,1,0]
[4,25,0,2,0.4,1,1][2,15,1,2,1.4,1,1][4,25,2,2,2.4,1,1][2,15,3,2,0.0,1,0][4,25,4,2,1.0,1,0][2,15,5,2,2.0,1,0][4,25,6,2,3.0,1,0]
[2,15,0,3,0.6,1,1][8,35,1,3,1.6,1,1][2,15,2,3,2.6,1,1][8,35,3,3,0.2,1,0][2,15,4,3,1.2,1,0][8,35,5,3,2.2,1,0][1,15,6,3,3.2,1,0]
[4,25,0,4,0.8,1,1][2,15,1,4,1.8,1,1][4,25,2,4,2.8,1,1][2,15,3,4,0.4,1,0][4,25,4,4,1.4,1,0][2,15,5,4,2.4,1,0][4,25,6,4,3.4,1,0]
;
tile=Meteorite!
distance=1
start=0,-1      
time=1
type=2
thienthach=1
speed=1
bonus=2,3,2,3
#Wave 1
# 2 khong sap xep theo hang cot
#*1*3*4*5*
#**2*4*6**
#*1011101*
#*3333333*
#*0110110*
[3,10,1,0,1.0,1,0][2,5,2,0,2.0,1,0][2,16,2,0,4.0,1,0][0,20,3,0,3.3,1,1][0,2,5,0,1.6,1,1][3,16,6,0,2.6,1,1]
[2,18,1,1,2.2,1,0][2,5,3,1,4.2,1,0][3,70,2,1,1.4,1,1][1,1,5,1,1.8,1,1][1,5,6,1,2.8,1,1]
[3,12,0,2,1.4,1,0][1,3,1,2,3.0,1,0][2,3,2,2,2.4,1,0][0,5,1,2,1.9,1,1][1,5,4,2,1.0,1,1][3,1,5,2,2.0,1,1][1,40,6,2,3.0,1,1]
[0,10,0,3,1.6,1,0][3,30,1,3,2.6,1,0][3,55,1,3,5.2,1,1][0,5,4,3,1.2,1,1][1,3,5,3,2.2,1,1][1,5,6,3,3.3,1,1]
[1,40,0,4,2.2,1,0][2,5,1,4,2.8,1,0][1,3,2,4,1.2,1,0][3,30,1,4,5.4,1,1][1,5,4,4,0.2,1,1][3,7,5,4,2.4,1,1]
[1,3,0,5,2.2,1,0][2,5,1,5,2.8,1,0][0,15,1,5,5.4,1,1][1,50,4,5,0.2,1,1][3,27,5,5,2.4,1,1][3,6,6,5,3.4,1,1]
[0,10,0,6,1.4,1,0][2,3,2,6,2.4,1,0][0,5,1,6,1.9,1,1][1,5,4,6,1.0,1,1][3,40,5,6,2.0,1,1][1,5,6,6,3.0,1,1]
[3,1,0,7,1.0,1,0][2,55,2,7,2.0,1,0][2,6,3,7,4.0,1,0][0,2,5,7,1.6,1,1][3,6,6,7,2.6,1,1]
[0,30,2,8,1.6,1,0][3,35,4,8,5.2,1,1][1,25,6,8,3.3,1,1]
;
tile=!
start=5,1

time=1
speed=7
type=1
distance=1.2
bonus=1,2,3,2
#Wave 2
#0*0123456*
#1*0123456*
#2*0123456*
#3*0123456*
[4,10,0,0,1,1,1][4,10,2,0,1,1,1][4,10,3,0,1,1,1][4,10,5,0,1,1,1]
[4,10,0,2,1,1,1][4,10,2,2,1,1,1][4,10,3,2,1,1,1][4,10,5,2,1,1,1]
[4,10,0,4,1,1,1][4,10,2,4,1,1,1][4,10,3,4,1,1,1][4,10,5,4,1,1,1]
;
tile=Double circle!
path=path7,path8
start=5,1
bonus=1,2,2
time=1.3
type=2
speed=7
unsafe=[-2,0][2,0]
distance=1.2
#Wave 3
#0*0123456*
#1*0123456*
#2*0123456*
#3*0123456*
[1,15,-1,0,1.2,0.5,1][5,30,0,0,2.2,0.5,1][1,15,1,0,3.2,0.5,1][5,30,2,0,0.8,0.5,0][1,15,3,0,1.8,0.5,0]
[1,15,-1,1,1.4,0.5,1][2,20,0,1,2.4,0.5,1][1,15,1,1,3.4,0.5,1][2,20,2,1,1.0,0.5,0][1,15,3,1,2.0,0.5,0]
[1,15,-1,2,1.6,0.5,1][2,20,0,2,2.6,0.5,1][1,15,1,2,0.2,0.5,0][2,20,2,2,1.2,0.5,0][1,15,3,2,2.2,0.5,0]
[1,15,-1,3,1.8,0.5,1][2,20,0,3,2.8,0.5,1][1,15,1,3,0.4,0.5,0][2,20,2,3,1.4,0.5,0][1,15,3,3,2.4,0.5,0]
[1,15,-1,4,2.0,0.5,1][5,30,0,4,3.0,0.5,1][1,15,1,4,0.6,0.5,0][5,30,2,4,1.6,0.5,0][1,15,3,4,2.6,0.5,0]
;
tile=Space 3!
start=5,1

time=1
distance=0.9
speed=4
type=1
bonus=0,1,0,1,2,3
#Wave 4
#0*0123456*
#1*0123456*
#2*0123456*
#3*0123456*
[6,45,0,-1,0,1,1][6,45,2,-1,1.6,1,0][6,45,4,-1,3.2,1,0]
[6,45,-1,1,0.4,1,0][3,35,2,1,2.0,1,1][6,45,5,1,3.6,1,0]
[6,45,0,3,0.8,1,1][6,45,2,3,2.4,1,0][6,45,4,3,4.0,1,0]
[2,30,-1,5,1.2,1,0][2,30,2,5,2.8,1,1][2,30,4,5,4.4,1,0]
;
tile=Enemy Run!
start=5,1
time=2
type=1
speed=9
distance=1.1
save=[0,-3.6]
path=arrow2,arrow1
bonus=0,2,1,4
#Wave 5
# Sap xep theo cot
#*0000000*
#*1111111*
#*0000000*
#*1111111*
#*0110110*
[4,25,0,0,0.0,1,1][2,15,1,0,1.0,1,1][4,25,2,0,2.0,1,1][2,15,3,0,3.0,1,1][4,25,4,0,0.6,1,0][2,15,5,0,1.6,1,0][4,25,6,0,2.6,1,0]
[2,15,0,1,0.2,1,1][8,35,1,1,1.2,1,1][2,15,2,1,2.2,1,1][8,35,3,1,3.2,1,1][2,15,4,1,0.8,1,0][8,35,5,1,1.8,1,0][2,15,6,1,2.8,1,0]
[4,25,0,2,0.4,1,1][2,15,1,2,1.4,1,1][4,25,2,2,2.4,1,1][2,15,3,2,0.0,1,0][4,25,4,2,1.0,1,0][2,15,5,2,2.0,1,0][4,25,6,2,3.0,1,0]
[2,15,0,3,0.6,1,1][8,35,1,3,1.6,1,1][2,15,2,3,2.6,1,1][8,35,3,3,0.2,1,0][2,15,4,3,1.2,1,0][8,35,5,3,2.2,1,0][1,15,6,3,3.2,1,0]
[4,25,0,4,0.8,1,1][2,15,1,4,1.8,1,1][4,25,2,4,2.8,1,1][2,15,3,4,0.4,1,0][4,25,4,4,1.4,1,0][2,15,5,4,2.4,1,0][4,25,6,4,3.4,1,0]
;
tile=Enemy Run!
start=5,1
time=2
distance=1.1
type=1
speed=9
save=[0,-3.6]
path=left,right
bonus=0,2,1,4
#Wave 6
# Sap xep theo cot
#*0000000*
#*1111111*
#*0000000*
#*1111111*
#*0110110*
[7,37,0,0,0.0,1,1][2,15,1,0,2.0,1,1][7,37,2,0,4.0,1,1][2,15,3,0,6.0,1,1][7,37,4,0,1.4,1,0][2,15,5,0,3.4,1,0][7,37,6,0,5.4,1,0]
[2,15,0,1,0.4,1,1][8,30,1,1,2.4,1,1][2,15,2,1,4.4,1,1][8,30,3,1,6.4,1,1][2,15,4,1,1.8,1,0][8,30,5,1,3.8,1,0][2,15,6,1,5.8,1,0]
[7,37,0,2,0.8,1,1][2,15,1,2,2.8,1,1][7,37,2,2,4.8,1,1][2,15,3,2,0.2,1,0][7,37,4,2,2.2,1,0][2,15,5,2,4.2,1,0][7,37,6,2,6.2,1,0]
[2,15,0,3,1.2,1,1][8,30,1,3,3.2,1,1][2,15,2,3,5.2,1,1][8,30,3,3,0.6,1,0][2,15,4,3,2.6,1,0][8,30,5,3,4.6,1,0][1,15,6,3,6.6,1,0]
[7,37,0,4,1.6,1,1][2,15,1,4,3.6,1,1][7,37,2,4,5.6,1,1][2,15,3,4,1.0,1,0][7,37,4,4,3.0,1,0][2,15,5,4,5.0,1,0][7,37,6,4,7.0,1,0]
;
tile=Enemy down!
start=2,5
speed=9
distance=1.1
time=0.5
type=1
bonus=1,1,2,1
#Wave 9
[3,30,0,0,0.0,1,1][3,30,1,0,1.0,1,0][3,30,2,0,2.0,1,1][3,30,3,0,3.0,1,1][3,30,4,0,2.0,1,0][3,30,5,0,1.0,1,1][3,30,6,0,0.0,1,0]
[8,40,0,1,0.2,1,1][8,40,1,1,1.2,1,0][8,40,2,1,2.2,1,1][8,40,3,1,3.2,1,0][8,40,4,1,2.2,1,0][8,40,5,1,1.2,1,1][8,40,6,1,0.2,1,0]
[3,30,0,2,0.4,1,1][3,30,1,2,1.4,1,0][3,30,2,2,2.4,1,1][3,30,3,2,3.4,1,1][3,30,4,2,2.4,1,0][3,30,5,2,1.4,1,1][3,30,6,2,0.4,1,0]
[8,40,0,3,0.6,1,1][8,40,1,3,1.6,1,0][8,40,2,3,2.6,1,1][8,40,3,3,3.6,1,0][8,40,4,3,2.6,1,0][8,40,5,3,1.6,1,1][8,40,6,3,0.6,1,0]
[3,30,0,4,0.8,1,1][3,30,1,4,1.8,1,0][3,30,2,4,2.8,1,1][3,30,3,4,3.8,1,1][3,30,4,4,2.8,1,0][3,30,5,4,1.8,1,1][3,30,6,4,0.8,1,0]
;
tile=Enemy down!
start=-5,-5
speed=9
distance=1.1
time=0.5
type=1
bonus=1,1,2,1
#Wave 10
[2,30,0,0,0.0,1,1][2,30,1,0,1.0,1,0][2,30,2,0,2.0,1,1][2,30,3,0,3.0,1,1][2,30,4,0,2.0,1,0][2,30,5,0,1.0,1,1][2,30,6,0,0.0,1,0]
[5,40,0,1,0.2,1,1][5,40,1,1,1.2,1,0][5,40,2,1,2.2,1,1][5,40,3,1,3.2,1,0][5,40,4,1,2.2,1,0][5,40,5,1,1.2,1,1][5,40,6,1,0.2,1,0]
[2,30,0,2,0.4,1,1][2,30,1,2,1.4,1,0][2,30,2,2,2.4,1,1][2,30,3,2,3.4,1,1][2,30,4,2,2.4,1,0][2,30,5,2,1.4,1,1][2,30,6,2,0.4,1,0]
[5,40,0,3,0.6,1,1][5,40,1,3,1.6,1,0][5,40,2,3,2.6,1,1][5,40,3,3,3.6,1,0][5,40,4,3,2.6,1,0][5,40,5,3,1.6,1,1][5,40,6,3,0.6,1,0]
[2,30,0,4,0.8,1,1][2,30,1,4,1.8,1,0][2,30,2,4,2.8,1,1][2,30,3,4,3.8,1,1][2,30,4,4,2.8,1,0][2,30,5,4,1.8,1,1][2,30,6,4,0.8,1,0]
;
tile=Enemy down!
start=0,5
speed=7
distance=1.1
time=0.5
type=1
bonus=1,1,2,1
#Wave 11
[1,30,0,0,0.0,1,1][1,30,1,0,1.0,1,0][1,30,2,0,2.0,1,1][1,30,3,0,3.0,1,1][1,30,4,0,2.0,1,0][1,30,5,0,1.0,1,1][1,30,6,0,0.0,1,0]
[5,40,0,1,0.2,1,1][5,40,1,1,1.2,1,0][5,40,2,1,2.2,1,1][5,40,3,1,3.2,1,0][5,40,4,1,2.2,1,0][5,40,5,1,1.2,1,1][5,40,6,1,0.2,1,0]
[1,30,0,2,0.4,1,1][1,30,1,2,1.4,1,0][1,30,2,2,2.4,1,1][1,30,3,2,3.4,1,1][1,30,4,2,2.4,1,0][1,30,5,2,1.4,1,1][1,30,6,2,0.4,1,0]
[5,40,0,3,0.6,1,1][5,40,1,3,1.6,1,0][5,40,2,3,2.6,1,1][5,40,3,3,3.6,1,0][5,40,4,3,2.6,1,0][5,40,5,3,1.6,1,1][5,40,6,3,0.6,1,0]
[1,30,0,4,0.8,1,1][1,30,1,4,1.8,1,0][1,30,2,4,2.8,1,1][1,30,3,4,3.8,1,1][1,30,4,4,2.8,1,0][1,30,5,4,1.8,1,1][1,30,6,4,0.8,1,0]
;
tile=Space 3!
start=5,1

time=1
distance=0.9
speed=4
type=1
bonus=0,1,0,1,2,3
#Wave 12
#0*0123456*
#1*0123456*
#2*0123456*
#3*0123456*
[6,50,0,-1,0,1,1][6,50,2,-1,1.6,1,0][6,50,4,-1,3.2,1,0]
[6,50,-1,1,0.4,1,0][3,35,2,1,2.0,1,1][6,50,5,1,3.6,1,0]
[6,50,0,3,0.8,1,1][6,50,2,3,2.4,1,0][6,50,4,3,4.0,1,0]
[2,35,-1,5,1.2,1,0][2,35,2,5,2.8,1,1][2,35,4,5,4.4,1,0]
;
tile=Space 3!
start=5,1

time=1
distance=1
speed=4
type=1
bonus=0,1,0,1,2,3
path=path6
#Wave 13
#0*0123456*
#1*0123456*
#2*0123456*
#3*0123456*
[6,50,0,-1,0,1,1][6,50,2,-1,1.6,1,0][6,50,4,-1,3.2,1,0][6,50,6,-1,3.2,1,0]
[6,50,1,1,0.4,1,0][3,35,3,1,2.0,1,1][6,50,5,1,3.6,1,0]
[6,50,1,3,0.8,1,1][6,50,3,3,2.4,1,0][6,50,5,3,4.0,1,0]
[6,50,-1,5,1.2,1,0][6,50,2,5,2.8,1,1][6,50,4,5,4.4,1,0]
;
tile=Space 3!
start=5,1

time=1
distance=1
speed=4
type=1
bonus=0,1,0,1,2,3
path=path6
#Wave 14
#0*0123456*
#1*0123456*
#2*0123456*
#3*0123456*
[6,55,0,-1,0,1,1][6,55,2,-1,1.6,1,0][6,55,4,-1,3.2,1,0][6,50,6,-1,3.2,1,0]
[6,55,1,1,0.4,1,0][3,35,3,1,2.0,1,1][6,55,5,1,3.6,1,0]
[6,55,1,3,0.8,1,1][6,55,3,3,2.4,1,0][6,55,5,3,4.0,1,0]
[4,50,-1,5,1.2,1,0][4,50,2,5,2.8,1,1][4,50,4,5,4.4,1,0]
;
tile=!
start=5,1

time=1
speed=7
type=1
distance=1.1
bonus=1,1,2
#Wave 5
#0*0123456*
#1*0123456*
#2*0123456*
#3*0123456*
[8,60,0,0,1,1,1][3,27,2,0,1,1,1][3,27,3,0,1,1,1][8,60,5,0,1,1,1]
[8,60,0,2,1,1,1][3,27,2,2,1,1,1][3,27,3,2,1,1,1][8,60,5,2,1,1,1]
[8,60,0,4,1,1,1][3,27,2,4,1,1,1][3,27,3,4,1,1,1][8,60,5,4,1,1,1]
;
tile=!
start=5,1

time=1
speed=7
type=1
distance=1.1
bonus=1,1,2
#Wave 5
#0*0123456*
#1*0123456*
#2*0123456*
#3*0123456*
[7,60,0,0,1,1,1][3,27,2,0,1,1,1][3,27,3,0,1,1,1][7,60,5,0,1,1,1]
[7,60,0,2,1,1,1][3,27,2,2,1,1,1][3,27,3,2,1,1,1][7,60,5,2,1,1,1]
[7,60,0,4,1,1,1][3,27,2,4,1,1,1][3,27,3,4,1,1,1][7,60,5,4,1,1,1]
;