tile=!
start=5,1

time=1
speed=7
type=1
distance=1.2
bonus=1,1,2
#Wave 5
#0*0123456*
#1*0123456*
#2*0123456*
#3*0123456*
[6,60,0,0,1,1,1][4,40,2,0,1,1,1][4,40,3,0,1,1,1][6,60,5,0,1,1,1]
[6,60,0,2,1,1,1][4,40,2,2,1,1,1][4,40,3,2,1,1,1][6,60,5,2,1,1,1]
[6,60,0,4,1,1,1][4,40,2,4,1,1,1][4,40,3,4,1,1,1][6,60,5,4,1,1,1]
;
start=5,1
time=1
type=2
speed=7
bonus=1,1,0,3
distance=1.1
path=storm
#Wave 1 
# 2 khong sap xep theo hang cot
#*1*3*4*5*
#**2*4*6**
#*1011101*
#*3333333*
#*0110110*
[3,15,0,0,0.0,1,0][3,10,1,0,1.0,1,0][3,15,2,0,2.0,1,0][3,10,3,0,3.0,1,0][3,15,4,0,4.0,1,0][3,10,5,0,5.0,1,0][3,15,6,0,6.0,1,0]
[2,15,0,1,0.2,1,0][2,10,1,1,1.2,1,0][2,15,2,1,2.2,1,0][2,10,3,1,3.2,1,0][2,15,4,1,4.2,1,0][2,10,5,1,5.2,1,0][2,15,6,1,6.2,1,0]
[1,15,0,2,0.4,1,0][1,10,1,2,1.4,1,0][1,15,2,2,2.4,1,0][1,10,3,2,3.4,1,0][1,15,4,2,4.4,1,0][1,10,5,2,5.4,1,0][1,15,6,2,6.4,1,0]
[4,15,0,3,0.6,1,0][3,10,1,3,1.6,1,0][4,15,2,3,2.6,1,0][3,10,3,3,3.6,1,0][4,15,4,3,4.6,1,0][3,10,5,3,5.6,1,0][4,15,6,3,6.6,1,0]
[4,15,0,4,0.8,1,0][3,10,1,4,1.8,1,0][4,15,2,4,2.8,1,0][3,10,3,4,3.8,1,0][4,15,4,4,4.8,1,0][3,10,5,4,5.8,1,0][4,15,6,4,6.8,1,0]
;
tile=Enemy Run!
start=5,1
time=1
type=1
speed=7
distance=1
path=twirl
bonus=1,1,3
#Wave 2
# 2 khong sap xep theo hang cot
#*1*3*4*5*
#**2*4*6**sss  
#*1011101*
#*3333333*
#*0110110*
[4,17,0,0,1.0,1,0][0,10,1,0,1.8,1,0][4,17,2,0,2.6,1,0][0,10,3,0,3.4,1,1][4,17,4,0,4.2,1,1][0,10,5,0,5.2,1,1][4,17,6,0,6.0,1,1]
[2,10,0,1,1.2,1,0][5,15,1,1,2.0,1,0][2,10,2,1,2.8,1,0][5,15,3,1,3.6,1,1][2,10,4,1,4.6,1,1][5,15,5,1,5.4,1,1][2,10,6,1,6.2,1,1]
[3,15,0,2,1.4,1,0][2,10,1,2,2.2,1,0][3,15,2,2,3.0,1,0][2,10,3,2,3.8,1,1][3,15,4,2,4.8,1,1][0,10,5,2,5.6,1,1][3,15,6,2,6.4,1,1]
[8,20,0,3,1.6,1,0][8,20,1,3,2.4,1,0][8,20,2,3,3.2,1,0][8,20,3,3,4.0,1,1][8,20,4,3,5.0,1,1][8,20,5,3,5.8,1,1][8,20,6,3,6.6,1,1]
;
tile=Enemy Heart !
start=5,1
speed=9
time=1
type=2
distance=0.9
bonus=0,1,3
#Wave 3
#__0123456_
#0**00*00**
#1*0220220*
#2*0222220*
#3**02220**
#4***020***
#5****0****
[4,19,1,0,0.0,1,0][4,19,2,0,1.0,1,0][4,19,4,0,2.0,1,1][4,19,5,0,3.0,1,1]
[4,19,0,1,0.2,1,0][4,19,1,1,1.2,1,0][4,19,2,1,2.2,1,0][4,19,3,1,3.2,1,0][4,19,4,1,4.0,1,1][4,19,5,1,5.0,1,1][4,19,6,1,6.0,1,1]
[1,10,0,2,0.4,1,0][1,10,1,2,1.4,1,0][1,10,2,2,2.4,1,0][1,10,3,2,3.4,1,1][1,10,4,2,4.2,1,1][1,10,5,2,5.2,1,1][1,10,6,2,6.2,1,1]
[2,15,1,3,0.6,1,0][2,15,2,3,1.6,1,0][2,15,3,3,2.6,1,0][2,15,4,3,3.6,1,1][2,15,5,3,4.6,1,1]
[3,17,2,4,0.8,1,0][3,17,3,4,1.8,1,1][3,17,4,4,2.8,1,1]
[5,30,3,5,1.0,1,0]
;
tile=Chickien square!
start=5,-4
speed=5
time=1
distance=1.3
type=1
bonus=1,2,0,2
#Wave 4
[2,20,1,0,1.0,1,1][2,20,2,0,2.0,1,1][2,20,3,0,3.0,1,1]
[2,20,0,1,1.2,1,1][2,20,1,1,2.2,1,1][2,20,2,1,3.2,1,1][2,20,3,1,4.0,1,1][2,20,4,1,4.0,1,1]
[2,20,1,2,1.4,1,1][2,20,2,2,2.4,1,1][2,20,3,2,3.4,1,1]
[2,20,0,3,1.6,1,1][2,20,1,3,2.6,1,1][2,20,2,3,3.6,1,1][2,2,3,3,4.2,1,1][2,20,4,3,4.2,1,1]
;
tile=Deffence!
start=5,1
time=1
speed=5
type=2
bonus=1,2,2,3
#Wave 5
#0*0123456*
#1**12345**
#2***234***
#3****3****
#4**1*3*5**
[2,25,0,0,0,1,0][1,20,1,0,0,1,0][0,18,2,0,0,1,0][0,18,3,0,0,1,0][0,18,4,0,0,1,0][1,20,5,0,0,1,1][2,25,6,0,0,1,0]
[2,25,1,1,1,1,1][1,20,2,1,1,1,1][0,18,3,1,1,1,1][1,20,4,1,1,1,1][1,20,5,1,1,1,1]
[2,25,2,2,2,1,0][0,18,3,2,2,1,0][2,25,4,2,2,1,0]
[2,25,3,3,3,1,1]
[7,9,1,4,0,1,1][7,9,3,4,0,1,1[7,9,5,4,0,1,1]
;
tile=Deffence!
start=5,1
time=1
speed=5
type=2
distance=1.1
bonus=1,2,2,3
#Wave 6
#0*0123456*
#1**12345**
#2***234***
#3****3****
#4**1*3*5**
[2,30,0,0,0,1,0][1,20,1,0,0,1,0][0,18,2,0,0,1,0][0,18,3,0,0,1,0][0,18,4,0,0,1,0][1,20,5,0,0,1,1][2,25,6,0,0,1,0]
[2,30,1,1,1,1,1][1,20,2,1,1,1,1][0,18,3,1,1,1,1][1,20,4,1,1,1,1][1,20,5,1,1,1,1]
[2,30,2,2,2,1,0][0,18,3,2,2,1,0][2,30,4,2,2,1,0]
[2,30,3,3,3,1,1]
[7,45,1,4,0,1,1][7,45,3,4,0,1,1[7,45,5,4,0,1,1]
;
tile=Enemy Heart !
start=5,1
speed=7
time=1
type=2
distance=1
path= path5
bonus=1,1,0,3
#Wave 7
#__0123456_
#0*2121212*
#1*2121212*
#2*2121212*
#3*2121212*
#4*3121213*
[7,50,0,0,0.2,0.5,1][3,40,1,0,0.2,0.5,0][2,11,2,0,1.2,0.5,1][3,40,3,0,1.2,0.5,0][2,11,4,0,2.2,0.5,1][3,40,5,0,2.2,0.5,0][7,50,6,0,3.2,0.5,1]
[7,50,0,1,0.4,0.5,1][3,40,1,1,0.4,0.5,0][2,11,2,1,1.4,0.5,1][3,40,3,1,1.4,0.5,0][2,11,4,1,2.4,0.5,1][3,40,5,1,2.4,0.5,0][7,50,6,1,3.4,0.5,1]
[7,50,0,2,0.6,0.5,1][3,40,1,2,0.6,0.5,0][2,11,2,2,1.6,0.5,1][3,40,3,2,1.6,0.5,0][2,11,4,2,2.6,0.5,1][3,40,5,2,2.6,0.5,0][7,50,6,2,3.6,0.5,1]
[7,50,0,3,0.8,0.5,1][3,40,1,3,0.8,0.5,0][2,11,2,3,1.8,0.5,1][3,40,3,3,1.8,0.5,0][2,11,4,3,2.8,0.5,1][3,40,5,3,2.8,0.5,0][7,50,6,3,3.8,0.5,1]
[2,35,0,4,1.0,0.5,1][3,40,1,4,1.0,0.5,0][2,11,2,4,2.0,0.5,1][3,40,3,4,2.0,0.5,0][2,11,4,4,3.0,0.5,1][3,40,5,4,3.0,0.5,0][2,35,6,4,4.0,0.5,1]
;
tile=Enemy Run!
start=5,1
time=2
type=1
speed=5
save=[0,-3.6]
distance=1.2
bonus=0,2,1,4
#Wave 8
# Sap xep theo cot
#*0000000*
#*1111111*
#*0000000*
#*1111111*
#*0110110*
[3,30,0,0,0.0,1,1][3,30,1,0,1.0,1,1][3,30,2,0,2.0,1,1][3,30,3,0,3.0,1,1][3,30,4,0,0.6,1,0][3,30,5,0,2.6,1,0][3,30,6,0,3.6,1,0]
[8,55,0,1,0.2,1,1][8,55,1,1,1.2,1,1][8,55,2,1,2.2,1,1][8,55,3,1,3.2,1,1][8,55,4,1,0.8,1,0][8,55,5,1,2.8,1,0][8,55,6,1,3.8,1,0]
[3,30,0,2,0.4,1,1][3,30,1,2,1.4,1,1][3,30,2,2,2.4,1,1][3,30,3,2,0.0,1,0][3,30,4,2,2.0,1,0][3,30,5,2,3.0,1,0][3,30,6,2,4.0,1,0]
[8,55,0,3,0.6,1,1][8,55,1,3,1.6,1,1][8,55,2,3,2.6,1,1][8,55,3,3,0.2,1,0][8,55,4,3,2.2,1,0][8,55,5,3,3.2,1,0][8,55,6,3,4.2,1,0]
[3,30,0,4,0.8,1,1][3,30,1,4,1.8,1,1][3,30,2,4,2.8,1,1][3,30,3,4,0.4,1,0][3,30,4,4,2.4,1,0][3,30,5,4,3.4,1,0][3,30,6,4,4.4,1,0]
;
tile=Enemy Fly 111!
distance=1
start=5,0
time=1
type=2
speed=4
bonus=1,1,4
group=true
#Wave 9
# 2 khong sap xep theo hang cot
#*1*3*4*5*
#**2*4*6**
#*1011101*
#*3333333*
#*0110110*
[1,40,0,0,3,1,1][2,45,1,0,2,1,1][3,50,2,0,1,1,1][3,50,3,0,0,1,0][2,45,4,0,1,1,0][1,40,5,0,2,1,0]
[5,60,0,1,3,1,1][5,60,1,1,2,1,1][5,60,2,1,1,1,1][5,60,3,1,0,1,0][5,60,4,1,1,1,0][5,60,5,1,2,1,0]
[1,40,0,2,3,1,1][2,45,1,2,2,1,1][3,15,2,2,1,1,1][3,50,3,2,0,1,0][2,45,4,2,1,1,0][1,40,5,2,2,1,0]
[5,60,0,3,3,1,1][5,60,1,3,2,1,1][5,50,2,3,1,1,1][5,60,3,3,0,1,0][5,60,4,3,1,1,0][5,60,5,3,2,1,0]
[1,40,0,4,3,1,1][2,45,1,4,2,1,1][3,50,2,4,1,1,1][3,50,3,4,0,1,0][2,45,4,4,1,1,0][1,40,5,4,2,1,0]
;
tile=Meteorite!
distance=1
start=0,-1      
time=1
type=2
thienthach=1
speed=2
bonus=2,3,2,3
#Wave 10
# 2 khong sap xep theo hang cot
#*1*3*4*5*
#**2*4*6**
#*1011101*
#*3333333*
#*0110110*
[3,10,1,0,1.0,1,0][2,5,2,0,2.0,1,0][2,16,2,0,4.0,1,0][0,20,3,0,3.3,1,1][0,2,5,0,1.6,1,1][3,16,6,0,2.6,1,1]
[2,18,1,1,2.2,1,0][2,5,3,1,4.2,1,0][3,70,2,1,1.4,1,1][1,1,5,1,1.8,1,1][1,5,6,1,2.8,1,1]
[3,12,0,2,1.4,1,0][1,3,1,2,3.0,1,0][2,3,2,2,2.4,1,0][0,5,1,2,1.9,1,1][1,5,4,2,1.0,1,1][3,1,5,2,2.0,1,1][1,40,6,2,3.0,1,1]
[0,10,0,3,1.6,1,0][3,30,1,3,2.6,1,0][3,55,1,3,5.2,1,1][0,5,4,3,1.2,1,1][1,3,5,3,2.2,1,1][1,5,6,3,3.3,1,1]
[1,40,0,4,2.2,1,0][2,5,1,4,2.8,1,0][1,3,2,4,1.2,1,0][3,30,1,4,5.4,1,1][1,5,4,4,0.2,1,1][3,7,5,4,2.4,1,1]
[1,3,0,5,2.2,1,0][2,5,1,5,2.8,1,0][0,15,1,5,5.4,1,1][1,50,4,5,0.2,1,1][3,27,5,5,2.4,1,1][3,6,6,5,3.4,1,1]
[0,10,0,6,1.4,1,0][2,3,2,6,2.4,1,0][0,5,1,6,1.9,1,1][1,5,4,6,1.0,1,1][3,40,5,6,2.0,1,1][1,5,6,6,3.0,1,1]
[3,1,0,7,1.0,1,0][2,55,2,7,2.0,1,0][2,6,3,7,4.0,1,0][0,2,5,7,1.6,1,1][3,6,6,7,2.6,1,1]
[0,30,2,8,1.6,1,0][3,35,4,8,5.2,1,1][1,25,6,8,3.3,1,1]
;
tile=Enemy Run!
start=5,1
time=2
type=1
speed=1
save=[0,-3.6]
distance=1.2
thienthach=1
bonus=2,2,1,4
#Wave 11
# Sap xep theo cot
#*0000000*
#*1111111*
#*0000000*
#*1111111*
#*0110110*
[3,30,0,0,0.0,1,1][0,30,1,0,1.0,1,1][3,30,2,0,2.0,1,1][0,30,3,0,3.0,1,1][1,30,4,0,0.6,1,0][1,30,5,0,2.6,1,0][0,30,6,0,3.6,1,0]
[2,39,0,1,0.2,1,1][2,39,1,1,1.2,1,1][0,39,2,1,2.2,1,1][0,39,3,1,3.2,1,1][0,39,4,1,0.8,1,0][1,39,5,1,2.8,1,0][0,39,6,1,3.8,1,0]
[3,30,0,2,0.4,1,1][3,30,1,2,1.4,1,1][0,30,2,2,2.4,1,1][3,30,3,2,0.0,1,0][3,30,4,2,2.0,1,0][0,30,5,2,3.0,1,0][3,30,6,2,4.0,1,0]
[1,39,0,3,0.6,1,1][1,39,1,3,1.6,1,1][1,39,2,3,2.6,1,1][0,39,3,3,0.2,1,0][0,39,4,3,2.2,1,0][0,39,5,3,3.2,1,0][1,39,6,3,4.2,1,0]
[0,30,0,4,0.8,1,1][0,30,1,4,1.8,1,1][1,30,2,4,2.8,1,1][1,30,3,4,0.4,1,0][1,30,4,4,2.4,1,0][3,30,5,4,3.4,1,0][3,30,6,4,4.4,1,0]
[1,3,0,5,2.2,1,0][2,5,1,5,2.8,1,0][0,15,1,5,5.4,1,1][1,50,4,5,0.2,1,1][3,27,5,5,2.4,1,1][3,6,6,5,3.4,1,1]
[0,10,0,6,1.4,1,0][2,3,2,6,2.4,1,0][0,5,1,6,1.9,1,1][1,5,4,6,1.0,1,1][3,40,5,6,2.0,1,1][1,5,6,6,3.0,1,1]
[3,1,0,7,1.0,1,0][2,55,2,7,2.0,1,0][2,6,3,7,4.0,1,0][0,2,5,7,1.6,1,1][3,6,6,7,2.6,1,1]
[0,30,2,8,1.6,1,0][3,35,4,8,5.2,1,1][1,25,6,8,3.3,1,1]
;
tile=Space 3!
start=5,1

time=1
distance=0.9
speed=4
type=1
bonus=0,1,0,1,2,3
#Wave 13
#0*0123456*
#1*0123456*
#2*0123456*
#3*0123456*
[6,45,0,-1,0,1,1][6,45,2,-1,1.6,1,0][6,45,4,-1,3.2,1,0]
[6,45,-1,1,0.4,1,0][3,35,2,1,2.0,1,1][6,45,5,1,3.6,1,0]
[6,45,0,3,0.8,1,1][6,45,2,3,2.4,1,0][6,45,4,3,4.0,1,0]
[2,30,-1,5,1.2,1,0][2,30,2,5,2.8,1,1][2,30,4,5,4.4,1,0]
;
tile=Space 3!
start=5,1

time=1
distance=0.9
speed=4
type=1
bonus=0,1,0,1,2,3
#Wave 14
#0*0123456*
#1*0123456*
#2*0123456*
#3*0123456*
[6,55,0,-1,0,1,1][6,55,2,-1,1.6,1,0][6,55,4,-1,3.2,1,0]
[6,55,-1,1,0.4,1,0][3,35,2,1,2.0,1,1][6,55,5,1,3.6,1,0]
[6,55,0,3,0.8,1,1][6,55,2,3,2.4,1,0][6,55,4,3,4.0,1,0]
[2,40,-1,5,1.2,1,0][2,40,2,5,2.8,1,1][2,40,4,5,4.4,1,0]
;
tile=Enemy Run!
start=5,1
time=2
type=1
speed=9
distance=1.1
save=[0,-3.6]
path=arrow1,arrow2
bonus=0,2,1,4
#Wave 15
# Sap xep theo cot
#*0000000*
#*1111111*
#*0000000*
#*1111111*
#*0110110*
[4,40,0,0,0.0,1,1][2,30,1,0,1.0,1,1][4,40,2,0,2.0,1,1][2,30,3,0,3.0,1,1][4,40,4,0,0.6,1,0][2,30,5,0,1.6,1,0][4,40,6,0,2.6,1,0]
[2,30,0,1,0.2,1,1][8,65,1,1,1.2,1,1][2,30,2,1,2.2,1,1][8,65,3,1,3.2,1,1][2,30,4,1,0.8,1,0][8,65,5,1,1.8,1,0][2,30,6,1,2.8,1,0]
[4,40,0,2,0.4,1,1][2,30,1,2,1.4,1,1][4,40,2,2,2.4,1,1][2,30,3,2,0.0,1,0][4,40,4,2,1.0,1,0][2,30,5,2,2.0,1,0][4,40,6,2,3.0,1,0]
[2,30,0,3,0.6,1,1][8,65,1,3,1.6,1,1][2,30,2,3,2.6,1,1][8,65,3,3,0.2,1,0][2,30,4,3,1.2,1,0][8,65,5,3,2.2,1,0][2,30,6,3,3.2,1,0]
[4,40,0,4,0.8,1,1][2,30,1,4,1.8,1,1][4,40,2,4,2.8,1,1][2,30,3,4,0.4,1,0][4,40,4,4,1.4,1,0][2,30,5,4,2.4,1,0][4,40,6,4,3.4,1,0]
;
tile=Enemy Run!
start=5,1
time=2
type=1
speed=8
distance=1.1
save=[0,-3.6]
path=arrow1,arrow2
loop=true
bonus=0,2,1,4
#Wave 16
# Sap xep theo cot
#*0000000*
#*1111111*
#*0000000*
#*1111111*
#*0110110*
[4,40,0,0,0.0,1,1][2,30,1,0,1.0,1,1][4,40,2,0,2.0,1,1][2,30,3,0,3.0,1,1][4,40,4,0,0.6,1,0][2,30,5,0,1.6,1,0][4,40,6,0,2.6,1,0]
[2,30,0,1,0.2,1,1][8,65,1,1,1.2,1,1][2,30,2,1,2.2,1,1][8,65,3,1,3.2,1,1][2,30,4,1,0.8,1,0][8,65,5,1,1.8,1,0][2,30,6,1,2.8,1,0]
[4,40,0,2,0.4,1,1][2,30,1,2,1.4,1,1][4,40,2,2,2.4,1,1][2,30,3,2,0.0,1,0][4,40,4,2,1.0,1,0][2,30,5,2,2.0,1,0][4,40,6,2,3.0,1,0]
[2,30,0,3,0.6,1,1][8,65,1,3,1.6,1,1][2,30,2,3,2.6,1,1][8,65,3,3,0.2,1,0][2,30,4,3,1.2,1,0][8,65,5,3,2.2,1,0][2,30,6,3,3.2,1,0]
[4,40,0,4,0.8,1,1][2,30,1,4,1.8,1,1][4,40,2,4,2.8,1,1][2,30,3,4,0.4,1,0][4,40,4,4,1.4,1,0][2,30,5,4,2.4,1,0][4,40,6,4,3.4,1,0]
;
tile=Enemy Run!
start=5,1
time=2
type=1
speed=8
distance=2.0
save=[0,-3.6]
path=storm
loop=true
bonus=0,2,1,4
#Wave 17
# Sap xep theo cot
#*0000000*
#*1111111*
#*0000000*
#*1111111*
#*0110110*
[4,40,0,0,0.0,1,1][3,30,1,0,1.0,1,1][4,40,2,0,2.0,1,1][3,30,3,0,3.0,1,1][4,40,4,0,4.0,1,1][3,30,5,0,5.0,1,1][4,40,6,0,6.0,1,1]
[3,30,0,1,0.2,1,1][8,65,1,1,1.2,1,1][3,30,2,1,2.2,1,1][8,65,3,1,3.2,1,1][3,30,4,1,4.2,1,1][8,65,5,1,5.2,1,1][3,30,6,1,6.2,1,1]
[4,40,0,2,0.4,1,1][3,30,1,2,1.4,1,1][4,40,2,2,2.4,1,1][3,30,3,2,3.4,1,1][4,40,4,2,4.4,1,1][3,30,5,2,5.4,1,1][4,40,6,2,6.4,1,1]
[3,30,0,3,0.6,1,1][8,65,1,3,1.6,1,1][3,30,2,3,2.6,1,1][8,65,3,3,3.6,1,1][3,30,4,3,4.6,1,1][8,65,5,3,5.6,1,1][3,30,6,3,6.6,1,1]
[4,40,0,4,0.8,1,1][3,30,1,4,1.8,1,1][4,40,2,4,2.8,1,1][3,30,3,4,3.8,1,1][4,40,4,4,4.8,1,1][3,30,5,4,5.8,1,1][4,40,6,4,6.8,1,1]
;

