#[0] Type
#[1] Health
#[2] dx
#[3] dy
#[4] Delay
#[5] Speed
#[6] Arrow
#__________
tile=Enemy Heart!
start=5,1
time=1
speed=7
type=1
bonus=1,1,3,1
#Wave 1
#__0123456_
#0**00*00**
#1*0220220*
#2*0222220*
#3**02220**
#4***020***
#5****0****
[0,1,1,0,0,1,-1][0,1,2,0,0,1,-1][0,1,4,0,0,1,1][0,1,5,0,0,1,1]
[0,1,0,1,0,1,-1][1,2,1,1,0,1,-1][1,2,2,1,0,1,-1][0,1,3,1,0,1,-1][1,2,4,1,0,1,1][1,2,5,1,0,1,1][0,1,6,1,0,1,1]
[0,1,0,2,0,1,-1][1,2,1,2,0,1,-1][1,2,2,2,0,1,-1][1,2,3,2,0,1,1][1,2,4,2,0,1,1][1,2,5,2,0,1,1][0,1,6,2,0,1,1]
[0,1,1,3,0,1,-1][1,2,2,3,0,1,-1][1,2,3,3,0,1,-1][1,2,4,3,0,1,1][0,1,5,3,0,1,1]
[0,1,2,4,0,1,-1][1,2,3,4,0,1, 1][0,1,4,4,0,1, 1]
[1,5,3,5,0,1,-1]
;
tile=Enemy Go!
start=5,1
time=1
speed=5
type=-1
bonus=1,1,1,3
#Wave 2
[0,2,1,0,0.2,1,0][0,2,2,0,0.8,1,0][0,2,4,0,1.4,1,1][0,2,5,0,2.0,1,1]
[0,2,0,1,0.4,1,0][2,3,1,1,1.0,1,0][2,3,2,1,1.6,1,0][0,2,3,1,2.2,1,0][2,3,4,1,2.6,1,1][2,3,5,1,3.0,1,1][0,2,6,1,3.4,1,1]
[0,2,0,2,0.6,1,0][2,3,1,2,1.2,1,0][2,3,2,2,1.8,1,0][2,3,3,2,2.4,1,1][2,3,4,2,2.8,1,1][2,3,5,2,3.2,1,1][0,2,6,2,3.6,1,1]
;
tile=Enemy Run!
start=5,1
time=1
type=1
speed=7
bonus=0,1,1
#Wave 3
# Sap xep theo cot
#__0123456_
#0*0000000*
#1*1111111*
#2*0000000*
#3*1111111*
#4*0110110*
[0,3,0,0,0.8,1,1][0,3,1,0,1.8,1,1][0,3,2,0,0.4,1,1][0,3,3,0,0.6,1,1][0,3,4,0,0.4,1,0][0,3,5,0,0.2,1,0][0,3,6,0,0.8,1,0]
[2,4,0,1,0.6,1,1][2,4,1,1,1.6,1,1][2,4,2,1,0.4,1,1][2,4,3,1,0.6,1,0][2,4,4,1,0.4,1,0][2,4,5,1,0.2,1,0][2,4,6,1,0.6,1,0]
[0,3,0,2,0.4,1,1][0,3,1,2,1.4,1,1][0,3,2,2,0.4,1,1][0,3,3,2,0.6,1,1][0,3,4,2,0.4,1,0][0,3,5,2,0.2,1,0][0,3,6,2,0.4,1,0]
[2,4,0,3,0.2,1,1][2,4,1,3,1.2,1,1][2,4,2,3,0.4,1,1][2,4,3,3,0.6,1,0][2,4,4,3,0.4,1,0][2,4,5,3,0.2,1,0][2,4,6,3,0.2,1,0]
[0,3,0,4,0.0,1,1][0,3,1,4,1.0,1,1][0,3,2,4,0.4,1,1][0,3,3,4,0.6,1,1][0,3,4,4,0.4,1,0][0,3,5,4,0.2,1,0][0,3,6,4,0.0,1,0]
;
