tile=Enemy Run!
start=5,1
time=2
type=1
speed=5
distance=1.1
save=[0,-3.6]
bonus=0,2,1,1
#Wave1
# Sap xep theo cot
#*0000000*
#*1111111*
#*0000000*
#*1111111*
#*0110110*
[3,25,0,0,0.0,1,1][3,25,1,0,1.0,1,1][3,25,2,0,2.0,1,1][3,25,3,0,3.0,1,1][3,25,4,0,0.6,1,0][3,25,5,0,2.6,1,0][3,25,6,0,3.6,1,0]
[4,27,0,1,0.2,1,1][4,27,1,1,1.2,1,1][4,27,2,1,2.2,1,1][4,27,3,1,3.2,1,1][4,27,4,1,0.8,1,0][4,27,5,1,2.8,1,0][4,27,6,1,3.8,1,0]
[3,25,0,2,0.4,1,1][3,25,1,2,1.4,1,1][3,25,2,2,2.4,1,1][3,25,3,2,0.0,1,0][3,25,4,2,2.0,1,0][3,25,5,2,3.0,1,0][3,25,6,2,4.0,1,0]
[4,27,0,3,0.6,1,1][4,27,1,3,1.6,1,1][4,27,2,3,2.6,1,1][4,27,3,3,0.2,1,0][4,27,4,3,2.2,1,0][4,27,5,3,3.2,1,0][4,27,6,3,4.2,1,0]
[3,25,0,4,0.8,1,1][3,25,1,4,1.8,1,1][3,25,2,4,2.8,1,1][3,25,3,4,0.4,1,0][3,25,4,4,2.4,1,0][3,25,5,4,3.4,1,0][3,25,6,4,4.4,1,0]
;
tile=Enemy Heart !
start=5,1
speed=7
time=1
type=2
distance=1
bonus=1,2,3,3
#Wave 2
#__0123456_
#0**00*00**
#1*0220220*
#2*0222220*
#3**02220**
#4***020***
#5****0****
[4,7,0,0,0.0,1,0][4,7,1,0,1.0,1,0][4,7,3,0,2.0,1,1][4,7,4,0,3.0,1,1]
[4,7,0,1,0.2,1,0][2,5,1,1,1.2,1,0][2,5,2,1,2.2,1,0][4,7,3,1,3.2,1,0][2,5,4,1,4.0,1,1][2,5,5,1,5.0,1,1][4,7,6,1,6.0,1,1]
[4,7,0,2,0.4,1,0][2,5,1,2,1.4,1,0][2,5,2,2,2.4,1,0][4,7,3,2,3.4,1,1][2,5,4,2,4.2,1,1][2,5,5,2,5.2,1,1][4,7,6,2,6.2,1,1]
[4,7,1,3,0.6,1,0][2,5,2,3,1.6,1,0][5,15,3,3,2.6,1,0][2,5,4,3,3.6,1,1][4,7,5,3,4.6,1,1]
[4,7,2,4,0.8,1,0][2,5,3,4,1.8,1,1][4,7,4,4,2.8,1,1]
[6,20,3,5,1.0,1,0]
;
tile=Enemy Run!
start=5,1
time=2
type=1
speed=1
save=[0,-3.6]
distance=1.2
thienthach=1
bonus=2,2,1,4
#Wave 3
# Sap xep theo cot
#*0000000*
#*1111111*
#*0000000*
#*1111111*
#*0110110*
[3,3,0,0,0.0,1,1][0,4,1,0,1.0,1,1][3,7,2,0,2.0,1,1][0,1,3,0,3.0,1,1][1,8,4,0,0.6,1,0][1,4,5,0,2.6,1,0][0,7,6,0,3.6,1,0]
[2,9,0,1,0.2,1,1][2,2 ,1,1,1.2,1,1][0,1,2,1,2.2,1,1][0,7,3,1,3.2,1,1][0,4,4,1,0.8,1,0][1,3,5,1,2.8,1,0][0,2,6,1,3.8,1,0]
[3,3,0,2,0.4,1,1][3,5,1,2,1.4,1,1][0,1,2,2,2.4,1,1][3,2,3,2,0.0,1,0][3,9,4,2,2.0,1,0][0,2,5,2,3.0,1,0][3,1,6,2,4.0,1,0]
[1,9,0,3,0.6,1,1][1,2,1,3,1.6,1,1][1,4,2,3,2.6,1,1][0,1,3,3,0.2,1,0][0,4,4,3,2.2,1,0][0,8,5,3,3.2,1,0][1,7,6,3,4.2,1,0]
[0,0,0,4,0.8,1,1][0,5,1,4,1.8,1,1][1,6,2,4,2.8,1,1][1,7,3,4,0.4,1,0][1,2,4,4,2.4,1,0][3,2,5,4,3.4,1,0][3,9,6,4,4.4,1,0]
[1,3,0,5,2.2,1,0][2,5,1,5,2.8,1,0][0,3,1,5,5.4,1,1][1,1,4,5,0.2,1,1][3,1,5,5,2.4,1,1][3,6,6,5,3.4,1,1]
[0,1,0,6,1.4,1,0][2,3,2,6,2.4,1,0][0,5,1,6,1.9,1,1][1,5,4,6,1.0,1,1][3,8,5,6,2.0,1,1][1,5,6,6,3.0,1,1]
[3,1,0,7,1.0,1,0][2,6,2,7,2.0,1,0][2,6,3,7,4.0,1,0][0,2,5,7,1.6,1,1][3,9,6,7,2.6,1,1]
[0,3,2,8,1.6,1,0][3,1,4,8,5.2,1,1][1,6,6,8,3.3,1,1]
;
tile=Meteorite!
distance=1
start=0,-1      
time=1
type=2
thienthach=1
speed=2
bonus=2,3,2,3
#Wave 4
# 2 khong sap xep theo hang cot
#*1*3*4*5*
#**2*4*6**
#*1011101*
#*3333333*
#*0110110*
[3,10,1,0,1.0,1,0][2,5,2,0,2.0,1,0][2,16,2,0,4.0,1,0][0,20,3,0,3.3,1,1][0,2,5,0,1.6,1,1][3,16,6,0,2.6,1,1]
[2,18,1,1,2.2,1,0][2,5,3,1,4.2,1,0][3,70,2,1,1.4,1,1][1,1,5,1,1.8,1,1][1,5,6,1,2.8,1,1]
[3,12,0,2,1.4,1,0][1,3,1,2,3.0,1,0][2,3,2,2,2.4,1,0][0,5,1,2,1.9,1,1][1,5,4,2,1.0,1,1][3,1,5,2,2.0,1,1][1,40,6,2,3.0,1,1]
[0,10,0,3,1.6,1,0][3,30,1,3,2.6,1,0][3,55,1,3,5.2,1,1][0,5,4,3,1.2,1,1][1,3,5,3,2.2,1,1][1,5,6,3,3.3,1,1]
[1,40,0,4,2.2,1,0][2,5,1,4,2.8,1,0][1,3,2,4,1.2,1,0][3,30,1,4,5.4,1,1][1,5,4,4,0.2,1,1][3,7,5,4,2.4,1,1]
[1,3,0,5,2.2,1,0][2,5,1,5,2.8,1,0][0,15,1,5,5.4,1,1][1,50,4,5,0.2,1,1][3,27,5,5,2.4,1,1][3,6,6,5,3.4,1,1]
[0,10,0,6,1.4,1,0][2,3,2,6,2.4,1,0][0,5,1,6,1.9,1,1][1,5,4,6,1.0,1,1][3,40,5,6,2.0,1,1][1,5,6,6,3.0,1,1]
[3,1,0,7,1.0,1,0][2,55,2,7,2.0,1,0][2,6,3,7,4.0,1,0][0,2,5,7,1.6,1,1][3,6,6,7,2.6,1,1]
[0,30,2,8,1.6,1,0][3,35,4,8,5.2,1,1][1,25,6,8,3.3,1,1]
;
tile=Enemy Run!
start=5,1
time=2
type=1
speed=2
save=[0,-3.6]
distance=1.2
thienthach=1
bonus=2,2,1,4
#Wave 5
# Sap xep theo cot
#*0000000*
#*1111111*
#*0000000*
#*1111111*
#*0110110*
[0,4,1,0,1.0,1,1][3,7,2,0,2.0,1,1][0,1,3,0,3.0,1,1][1,8,4,0,0.6,1,0][1,4,5,0,2.6,1,0][0,7,6,0,3.6,1,0]
[2,9,0,1,0.2,1,1][2,2 ,1,1,1.2,1,1][0,1,2,1,2.2,1,1][0,7,3,1,3.2,1,1][0,4,4,1,0.8,1,0][1,3,5,1,2.8,1,0][0,2,6,1,3.8,1,0]
[3,3,0,2,0.4,1,1][3,5,1,2,1.4,1,1][0,1,2,2,2.4,1,1][3,2,3,2,0.0,1,0][3,9,4,2,2.0,1,0][0,2,5,2,3.0,1,0][3,1,6,2,4.0,1,0]
[1,9,0,3,0.6,1,1][1,2,1,3,1.6,1,1][1,4,2,3,2.6,1,1][0,1,3,3,0.2,1,0][0,4,4,3,2.2,1,0][0,8,5,3,3.2,1,0][1,7,6,3,4.2,1,0]
[0,0,0,4,0.8,1,1][0,5,1,4,1.8,1,1][1,6,2,4,2.8,1,1][1,7,3,4,0.4,1,0][1,2,4,4,2.4,1,0][3,2,5,4,3.4,1,0][3,9,6,4,4.4,1,0]
[1,3,0,5,2.2,1,0][2,5,1,5,2.8,1,0][0,3,1,5,5.4,1,1][1,1,4,5,0.2,1,1][3,1,5,5,2.4,1,1][3,6,6,5,3.4,1,1]
[0,1,0,6,1.4,1,0][2,3,2,6,2.4,1,0][0,5,1,6,1.9,1,1][1,5,4,6,1.0,1,1][3,8,5,6,2.0,1,1][1,5,6,6,3.0,1,1]
[3,1,0,7,1.0,1,0][2,6,2,7,2.0,1,0][2,6,3,7,4.0,1,0][0,2,5,7,1.6,1,1][3,9,6,7,2.6,1,1]
[0,3,2,8,1.6,1,0][3,1,4,8,5.2,1,1][1,6,6,8,3.3,1,1]
;
start=5,1
bonus=1,2,2,0,1
time=1
type=2
speed=4
bonus=1,2,0,3
#Wave 6
#0*0123456*
#1*0123456*
#2*0123456*
#3*0123456*
[3,25,0,0,0.0,1,1][0,9,1,0,1.0,1,1][0,9,2,0,2.0,1,1][0,9,3,0,3.0,1,1][0,9,4,0,4.0,1,1][0,9,5,0,5.2,1,1][3,15,6,0,6.2,1,1]
[1,10,0,1,0.2,1,1][1,10,1,1,1.2,1,1][1,10,2,1,2.2,1,1][1,10,3,1,3.2,1,1][1,10,4,1,4.2,1,1][1,10,5,1,5.4,1,1][1,10,6,1,6.4,1,1]
[3,25,0,2,0.4,1,1][3,25,1,2,1.4,1,1][3,25,2,2,2.4,1,1][3,25,3,2,3.4,1,1][3,25,4,2,4.6,1,1][3,25,5,2,5.6,1,1][3,25,6,2,6.6,1,1]
[1,10,0,3,0.6,1,1][1,10,1,3,1.6,1,1][1,10,2,3,2.6,1,1][1,10,3,3,3.6,1,1][1,10,4,3,4.8,1,1][1,10,5,3,5.8,1,1][1,10,6,3,6.8,1,1]
[3,25,0,4,0.8,1,1][0,9,1,4,1.8,1,1][8,15,2,4,2.8,1,1][0,9,3,4,3.8,1,1][8,15,4,4,5,1,1][0,9,5,4,6.0,1,1][3,15,6,4,7,1,1]
;
tile=Enemy Run!
start=5,1
time=1
type=1
speed=7
distance=1.2
bonus=1,1,2
#Wave 7
# 2 khong sap xep theo hang cot
#*1*3*4*5*
#**2*4*6**sss  
#*1011101*
#*3333333*
#*0110110*
[4,30,0,0,1.0,1,0][0,10,1,0,1.8,1,0][4,30,2,0,2.6,1,0][0,10,3,0,3.4,1,1][4,30,4,0,4.2,1,1][0,10,5,0,5.2,1,1][4,30,6,0,6.0,1,1]
[2,25,0,1,1.2,1,0][5,15,1,1,2.0,1,0][2,25,2,1,2.8,1,0][5,15,3,1,3.6,1,1][2,25,4,1,4.6,1,1][5,15,5,1,5.4,1,1][2,25,6,1,6.2,1,1]
[3,27,0,2,1.4,1,0][2,25,1,2,2.2,1,0][3,27,2,2,3.0,1,0][2,25,3,2,3.8,1,1][3,27,4,2,4.8,1,1][0,10,5,2,5.6,1,1][3,27,6,2,6.4,1,1]
[8,40,0,3,1.6,1,0][8,40,1,3,2.4,1,0][8,40,2,3,3.2,1,0][8,40,3,3,4.0,1,1][8,40,4,3,5.0,1,1][8,40,5,3,5.8,1,1][8,40,6,3,6.6,1,1]
;
tile=Enemy Flyin!
start=5,-4
distance=1
time=3
type=1
speed=7
bonus=1,2,0,3,1,2
safe=[0,-3.6]
#Wave 8
#__0123456_
#0*2121212*
#1*2121212*
#2*2121212*
#3*2121212*
#4*3121213*
[7,40,0,0,0.2,0.5,1][1,10,1,0,0.2,0.5,0][2,11,2,0,1.2,0.5,1][1,10,3,0,1.2,0.5,0][2,11,4,0,2.2,0.5,1][1,10,5,0,2.2,0.5,0][7,40,6,0,3.2,0.5,1]
[7,40,0,1,0.4,0.5,1][1,10,1,1,0.4,0.5,0][2,11,2,1,1.4,0.5,1][1,10,3,1,1.4,0.5,0][2,11,4,1,2.4,0.5,1][1,10,5,1,2.4,0.5,0][7,40,6,1,3.4,0.5,1]
[7,40,0,2,0.6,0.5,1][1,10,1,2,0.6,0.5,0][2,11,2,2,1.6,0.5,1][1,10,3,2,1.6,0.5,0][2,11,4,2,2.6,0.5,1][1,10,5,2,2.6,0.5,0][7,40,6,2,3.6,0.5,1]
[7,40,0,3,0.8,0.5,1][1,10,1,3,0.8,0.5,0][2,11,2,3,1.8,0.5,1][1,10,3,3,1.8,0.5,0][2,11,4,3,2.8,0.5,1][1,10,5,3,2.8,0.5,0][7,40,6,3,3.8,0.5,1]
[3,15,0,4,1.0,0.5,1][1,10,1,4,1.0,0.5,0][2,11,2,4,2.0,0.5,1][1,10,3,4,2.0,0.5,0][2,11,4,4,3.0,0.5,1][1,10,5,4,3.0,0.5,0][3,15,6,4,4.0,0.5,1]
;
tile=Bonus2!
start=5,1
time=2.5
type=0
bonus=2,2,2
speed=8
distance=1.1
#Wave 9
# Sap xep theo cot
#__0123456_
#0*0000000*
#1*1111111*
#2*0000000*
#3*1111111*
#4*0110110*
[2,30,0,0,0.0,1,1][2,30,1,0,0.6,1,1][2,30,2,0,1.2,1,1][3,7,3,0,1.8,1,1][2,30,4,0,2.4,1,1][2,30,5,0,3.0,1,1][2,30,6,0,3.6,1,1]
[7,45,0,1,1.2,1,0][7,45,1,1,1.6,1,0][7,45,2,1,2.0,1,0][7,45,3,1,2.4,1,0][7,45,4,1,2.8,1,0][7,45,5,1,3.2,1,0][7,45,6,1,3.8,1,0]
[3,7,0,2,0.2,1,1][2,30,1,2,0.8,1,1][2,30,2,2,1.4,1,1][2,30,3,2,2.0,1,1][2,30,4,2,2.6,1,1][2,30,5,2,3.2,1,1][3,7,6,2,3.8,1,1]
[7,45,0,3,1.4,1,0][7,45,1,3,1.8,1,0][7,45,2,3,2.2,1,0][7,45,3,3,2.6,1,0][7,45,4,3,3.0,1,0][7,45,5,3,3.6,1,0][7,45,6,3,4.0,1,0]
[2,30,0,4,0.4,1,1][2,30,1,4,1.0,1,1][2,30,2,4,1.6,1,1][2,30,3,4,2.2,1,1][2,30,4,4,2.8,1,1][2,30,5,4,3.4,1,1][2,30,6,4,4.0,1,1]
;
tile=Enemy Run!
start=5,1
time=2
type=1
speed=5
distance=1.1
save=[0,-3.6]
bonus=0,2,1,4
#Wave 10
# Sap xep theo cot
#*0000000*
#*1111111*
#*0000000*
#*1111111*
#*0110110*
[3,25,0,0,0.0,1,1][3,25,1,0,1.0,1,1][3,25,2,0,2.0,1,1][3,25,3,0,3.0,1,1][3,25,4,0,0.6,1,0][3,25,5,0,2.6,1,0][3,25,6,0,3.6,1,0]
[4,27,0,1,0.2,1,1][4,27,1,1,1.2,1,1][4,27,2,1,2.2,1,1][4,27,3,1,3.2,1,1][4,27,4,1,0.8,1,0][4,27,5,1,2.8,1,0][4,27,6,1,3.8,1,0]
[3,25,0,2,0.4,1,1][3,25,1,2,1.4,1,1][3,25,2,2,2.4,1,1][3,25,3,2,0.0,1,0][3,25,4,2,2.0,1,0][3,25,5,2,3.0,1,0][3,25,6,2,4.0,1,0]
[4,27,0,3,0.6,1,1][4,27,1,3,1.6,1,1][4,27,2,3,2.6,1,1][4,27,3,3,0.2,1,0][4,27,4,3,2.2,1,0][4,27,5,3,3.2,1,0][4,27,6,3,4.2,1,0]
[3,25,0,4,0.8,1,1][3,25,1,4,1.8,1,1][3,25,2,4,2.8,1,1][3,25,3,4,0.4,1,0][3,25,4,4,2.4,1,0][3,25,5,4,3.4,1,0][3,25,6,4,4.4,1,0]
;
tile=Enemy Heart !
start=5,1
speed=5
time=1
type=2
distance=1.2
bonus=1,2,0,3
#Wave 11
#__0123456_
#0**00*00**
#1*0220220*
#2*0222220*
#3**02220**
#4***020***
#5****0****
[7,15,1,0,0.0,1,0][0,19,2,0,1.0,1,0][0,19,4,0,2.0,1,1][7,45,5,0,3.0,1,1]
[3,25,0,1,0.2,1,0][2,23,1,1,1.2,1,0][2,23,2,1,2.2,1,0][0,19,3,1,3.2,1,0][2,23,4,1,4.0,1,1][2,23,5,1,5.0,1,1][3,25,6,1,6.0,1,1]
[3,25,0,2,0.4,1,0][2,23,1,2,1.4,1,0][2,23,2,2,2.4,1,0][4,38,3,2,3.4,1,1][2,23,4,2,4.2,1,1][2,23,5,2,5.2,1,1][3,25,6,2,6.2,1,1]
[3,25,1,3,0.6,1,0][2,23,2,3,1.6,1,0][2,23,3,3,2.6,1,0][2,23,4,3,3.6,1,1][3,9,5,3,4.6,1,1]
[3,25,2,4,0.8,1,0][2,23,3,4,1.8,1,1][3,25,4,4,2.8,1,1]
[8,50,3,5,1.0,1,0]
;
tile=!
start=5,1
time=1
speed=7
type=1
distance=1.2
bonus=1,1,2
#Wave 12
#0*0123456*
#1*0123456*
#2*0123456*
#3*0123456*
[8,40,0,0,1,1,1][3,27,2,0,1,1,1][3,27,3,0,1,1,1][8,40,5,0,1,1,1]
[8,40,0,2,1,1,1][3,27,2,2,1,1,1][3,27,3,2,1,1,1][8,40,5,2,1,1,1]
[8,40,0,4,1,1,1][3,27,2,4,1,1,1][3,27,3,4,1,1,1][8,40,5,4,1,1,1]
;
tile=Space 3!
start=5,1
time=1
distance=0.9
speed=4
type=1
bonus=0,1,0,1,2,3
#Wave 13
#0*0123456*
#1*0123456*
#2*0123456*
#3*0123456*
[6,45,0,-1,0,1,1][6,45,2,-1,1.6,1,0][6,45,4,-1,3.2,1,0]
[6,45,-1,1,0.4,1,0][3,35,2,1,2.0,1,1][6,45,5,1,3.6,1,0]
[6,45,0,3,0.8,1,1][6,45,2,3,2.4,1,0][6,45,4,3,4.0,1,0]
[2,30,-1,5,1.2,1,0][2,30,2,5,2.8,1,1][2,30,4,5,4.4,1,0]
;
tile=Enemy Space!
start=5,1

time=1
speed=6
type=1
bonus=0,1,0,1,2,3
#Wave 14
#0*0123456*
#1*0123456*
#2*0123456*
#3*0123456*
[3,40,1,1,0,1,1][6,50,3,1,1.6,1,0][3,40,5,1,3.2,1,0]
[6,50,3,3,0.4,1,0][6,50,2,3,2.0,1,1][6,50,5,6,3.6,1,0]
[6,50,1,4,0.8,1,1][6,50,0,4,2.4,1,0][6,50,3,6,4.0,1,0]
[3,40,2,4,1.2,1,0][6,50,3,4,2.8,1,1][3,40,0,6,4.4,1,0]
;
tile=Enemy Space!
start=5,1

time=1
speed=6
type=1
bonus=0,1,0,1,2,3
#Wave 15
#0*0123456*
#1*0123456*
#2*0123456*
#3*0123456*
[3,40,1,1,0,1,1][6,50,3,1,1.6,1,0][3,40,5,1,3.2,1,0]
[6,50,3,3,0.4,1,0][6,50,2,3,2.0,1,1][6,50,5,6,3.6,1,0]
[6,50,1,4,0.8,1,1][6,50,0,4,2.4,1,0][6,50,3,6,4.0,1,0]
[3,40,2,4,1.2,1,0][6,50,3,4,2.8,1,1][3,40,0,6,4.4,1,0]
;
tile=Meteorite!
distance=1
start=0,-1      
time=1
type=2
thienthach=1
speed=2
bonus=2,3,2,3
#Wave 11
# 2 khong sap xep theo hang cot
#*1*3*4*5*
#**2*4*6**
#*1011101*
#*3333333*
#*0110110*
[3,30,1,0,1.0,1,0][2,5,2,0,2.0,1,0][2,16,2,0,4.0,1,0][0,20,3,0,3.3,1,1][0,2,5,0,1.6,1,1][3,16,6,0,2.6,1,1]
[2,18,1,1,2.2,1,0][2,5,3,1,4.2,1,0][3,70,2,1,1.4,1,1][1,1,5,1,1.8,1,1][1,5,6,1,2.8,1,1]
[3,12,0,2,1.4,1,0][1,3,1,2,3.0,1,0][2,3,2,2,2.4,1,0][0,5,1,2,1.9,1,1][1,5,4,2,1.0,1,1][3,1,5,2,2.0,1,1][1,40,6,2,3.0,1,1]
[0,10,0,3,1.6,1,0][3,30,1,3,2.6,1,0][3,55,1,3,5.2,1,1][0,5,4,3,1.2,1,1][1,3,5,3,2.2,1,1][1,5,6,3,3.3,1,1]
[1,40,0,4,2.2,1,0][2,5,1,4,2.8,1,0][1,3,2,4,1.2,1,0][3,30,1,4,5.4,1,1][1,5,4,4,0.2,1,1][3,7,5,4,2.4,1,1]
[1,3,0,5,2.2,1,0][2,5,1,5,2.8,1,0][0,15,1,5,5.4,1,1][1,50,4,5,0.2,1,1][3,27,5,5,2.4,1,1][3,6,6,5,3.4,1,1]
[0,10,0,6,1.4,1,0][2,3,2,6,2.4,1,0][0,5,1,6,1.9,1,1][1,5,4,6,1.0,1,1][3,40,5,6,2.0,1,1][1,5,6,6,3.0,1,1]
[3,1,0,7,1.0,1,0][2,55,2,7,2.0,1,0][2,6,3,7,4.0,1,0][0,2,5,7,1.6,1,1][3,6,6,7,2.6,1,1]
[0,30,2,8,1.6,1,0][3,35,4,8,5.2,1,1][1,25,6,8,3.3,1,1]
;
