tile=Enemy Run!
start=5,1
time=2
type=1
speed=5
distance=1.1
save=[0,-3.6]
bonus=0,2,1,1
#Wave 1
# Sap xep theo cot
#*0000000*
#*1111111*
#*0000000*
#*1111111*
#*0110110*
[3,25,0,0,0.0,1,1][3,25,1,0,1.0,1,1][3,25,2,0,2.0,1,1][3,25,3,0,3.0,1,1][3,25,4,0,0.6,1,0][3,25,5,0,2.6,1,0][3,25,6,0,3.6,1,0]
[4,27,0,1,0.2,1,1][4,27,1,1,1.2,1,1][4,27,2,1,2.2,1,1][4,27,3,1,3.2,1,1][4,27,4,1,0.8,1,0][4,27,5,1,2.8,1,0][4,27,6,1,3.8,1,0]
[3,25,0,2,0.4,1,1][3,25,1,2,1.4,1,1][3,25,2,2,2.4,1,1][3,25,3,2,0.0,1,0][3,25,4,2,2.0,1,0][3,25,5,2,3.0,1,0][3,25,6,2,4.0,1,0]
[4,27,0,3,0.6,1,1][4,27,1,3,1.6,1,1][4,27,2,3,2.6,1,1][4,27,3,3,0.2,1,0][4,27,4,3,2.2,1,0][4,27,5,3,3.2,1,0][4,27,6,3,4.2,1,0]
[3,25,0,4,0.8,1,1][3,25,1,4,1.8,1,1][3,25,2,4,2.8,1,1][3,25,3,4,0.4,1,0][3,25,4,4,2.4,1,0][3,25,5,4,3.4,1,0][3,25,6,4,4.4,1,0]
;
distance=1
start=0,3
time=1
type=2
speed=4
bonus=0,1,0
#Wave 2
# 2 khong sap xep theo hang cot
#*1*3*4*5*
#**2*4*6**
#*1011101*
#*3333333*
#*0110110*
[1,11,0,0,3,1,1][2,15,1,0,2,1,1][3,17,2,0,1,1,1][3,17,3,0,0,1,0][2,15,4,0,1,1,0][1,11,5,0,2,1,0]
[2,15,0,1,3,1,1][0, 6,1,1,2,1,1][0, 6,2,1,1,1,1][0, 6,3,1,0,1,0][0, 6,4,1,1,1,0][0,6,5,1,2,1,0]
[1,11,0,2,3,1,1][3,17,1,2,2,1,1][3,71,2,2,1,1,1][3,17,3,2,0,1,0][3,17,4,2,1,1,0][1,11,5,2,2,1,0]
[2,15,0,3,3,1,1][0, 6,1,3,2,1,1][0, 6,2,3,1,1,1][0, 6,3,3,0,1,0][0, 6,4,3,1,1,0][0,6,5,3,2,1,0]
[1,11,0,4,3,1,1][2,15,1,4,2,1,1][3,17,2,4,1,1,1][3,17,3,4,0,1,0][2,15,4,4,1,1,0][1,11,5,4,2,1,0]
;
start=5,1
time=1
type=2
speed=4
bonus=1,2,0,4
#Wave 3
# 2 khong sap xep theo hang cot
#*1*3*4*5*
#**2*4*6**
#*1011101*
#*3333333*
#*0110110*
[2,17,0,0,0.0,1,0][0,10,1,0,1.0,1,0][0,10,2,0,2.0,1,0][0,10,3,0,3.0,1,0][0,10,4,0,0.6,1,1][0,10,5,0,1.6,1,1][0,10,6,0,2.6,1,1]
[2,17,0,1,0.2,1,0][1,15,1,1,1.2,1,0][1,15,2,1,2.2,1,0][1,15,3,1,3.2,1,0][1,15,4,1,0.8,1,1][1,15,5,1,1.8,1,1][1,15,6,1,2.8,1,1]
[2,17,0,2,0.4,1,0][1,15,1,2,1.4,1,0][1,15,2,2,2.4,1,0][1,15,3,2,0.0,1,1][1,15,4,2,1.0,1,1][1,15,5,2,2.0,1,1][1,15,6,2,3.0,1,1]
[2,17,0,3,0.6,1,0][1,15,1,3,1.6,1,0][1,15,2,3,2.6,1,0][1,15,3,3,0.2,1,1][1,15,4,3,1.2,1,1][1,15,5,3,2.2,1,1][1,15,6,3,3.2,1,1]
[2,17,0,4,0.8,1,0][1,15,1,4,1.8,1,0][1,15,2,4,2.8,1,0][1,15,3,4,0.4,1,1][1,15,4,4,1.4,1,1][1,15,5,4,2.4,1,1][1,15,6,4,3.4,1,1]
;
distance=1
start=5,0
time=1
type=2
speed=4
bonus=1,1,4
safe=[0,-3.6]
group=true
#Wave 4
# 2 khong sap xep theo hang cot
#*1*3*4*5*
#**2*4*6**
#*1011101*
#*3333333*
#*0110110*
[1,20,0,0,3,1,1][2,25,1,0,2,1,1][3,15,2,0,1,1,1][3,15,3,0,0,1,0][2,25,4,0,1,1,0][1,20,5,0,2,1,0]
[0,15,0,1,3,1,1][0,15,1,1,2,1,1][0,15,2,1,1,1,1][0,15,3,1,0,1,0][0,15,4,1,1,1,0][0,15,5,1,2,1,0]
[1,20,0,2,3,1,1][2,25,1,2,2,1,1][3,15,2,2,1,1,1][3,15,3,2,0,1,0][2,25,4,2,1,1,0][1,20,5,2,2,1,0]
[0,15,0,3,3,1,1][0,15,1,3,2,1,1][0,15,2,3,1,1,1][0,15,3,3,0,1,0][0,15,4,3,1,1,0][0,15,5,3,2,1,0]
[1,20,0,4,3,1,1][2,25,1,4,2,1,1][3,15,2,4,1,1,1][3,15,3,4,0,1,0][2,25,4,4,1,1,0][1,20,5,4,2,1,0]
;
tile=Meteorite!
distance=1
start=0,-1      
time=1
type=2
thienthach=1
speed=1
bonus=2,3,2,3
#Wave 5
# 2 khong sap xep theo hang cot
#*1*3*4*5*
#**2*4*6**
#*1011101*
#*3333333*
#*0110110*
[3,2,0,0,1.0,1,0][3,1,1,0,1.0,1,0][2,5,2,0,2.0,1,0][2,6,2,0,4.0,1,0][0,6,3,0,3.3,1,1][0,2,5,0,1.6,1,1][3,6,6,0,2.6,1,1]
[0,1,0,1,1.2,1,0][2,4,1,1,2.2,1,0][1,3,2,1,2.2,1,0][2,5,3,1,4.2,1,0][3,7,2,1,1.4,1,1][1,1,5,1,1.8,1,1][1,5,6,1,2.8,1,1]
[2,3,0,2,1.4,1,0][1,7,1,2,3.0,1,0][2,3,2,2,2.4,1,0][1,5,1,2,1.9,1,1][1,5,4,2,1.0,1,1][3,1,5,2,2.0,1,1][2,5,6,2,3.0,1,1]
[2,1,0,3,1.6,1,0][3,3,1,3,2.6,1,0][3,1,2,3,2.6,1,0][3,5,1,3,5.2,1,1][0,5,4,3,1.2,1,1][0,3,5,3,2.2,1,1][3,5,6,3,3.3,1,1]
[2,3,0,4,2.2,1,0][2,5,1,4,2.8,1,0][1,3,2,4,1.2,1,0][0,5,1,4,5.4,1,1][3,5,4,4,0.2,1,1][3,7,5,4,2.4,1,1][3,6,6,4,3.4,1,1]
[3,3,0,5,2.2,1,0][2,5,1,5,2.8,1,0][1,3,2,5,1.2,1,0][0,5,1,5,5.4,1,1][1,5,4,5,0.2,1,1][3,7,5,5,2.4,1,1][3,6,6,5,3.4,1,1]
[2,3,0,6,1.4,1,0][1,3,1,6,3.0,1,0][2,3,2,6,2.4,1,0][0,5,1,6,1.9,1,1][1,5,4,6,1.0,1,1][3,1,5,6,2.0,1,1][1,5,6,6,3.0,1,1]
;
tile=Meteorite!
distance=1
start=0,-1      
time=1
type=1
thienthach=2
speed=2
bonus=2,3,2,3
#Wave 6
# 2 khong sap xep theo hang cot
#*1*3*4*5*
#**2*4*6**
#*1011101*
#*3333333*
#*0110110*
[3,10,1,0,1.0,1,0][2,5,2,0,2.0,1,0][2,16,2,0,4.0,1,0][0,20,3,0,3.3,1,1][0,2,5,0,1.6,1,1][3,16,6,0,2.6,1,1]
[2,18,1,1,2.2,1,0][2,5,3,1,4.2,1,0][3,70,2,1,1.4,1,1][1,1,5,1,1.8,1,1][1,5,6,1,2.8,1,1]
[3,12,0,2,1.4,1,0][1,3,1,2,3.0,1,0][2,3,2,2,2.4,1,0][0,5,1,2,1.9,1,1][1,5,4,2,1.0,1,1][3,1,5,2,2.0,1,1][1,40,6,2,3.0,1,1]
[0,10,0,3,1.6,1,0][3,30,1,3,2.6,1,0][3,55,1,3,5.2,1,1][0,5,4,3,1.2,1,1][1,3,5,3,2.2,1,1][1,5,6,3,3.3,1,1]
[1,40,0,4,2.2,1,0][2,5,1,4,2.8,1,0][1,3,2,4,1.2,1,0][3,30,1,4,5.4,1,1][1,5,4,4,0.2,1,1][3,7,5,4,2.4,1,1]
[1,3,0,5,2.2,1,0][2,5,1,5,2.8,1,0][0,15,1,5,5.4,1,1][1,50,4,5,0.2,1,1][3,27,5,5,2.4,1,1][3,6,6,5,3.4,1,1]
[0,10,0,6,1.4,1,0][2,3,2,6,2.4,1,0][0,5,1,6,1.9,1,1][1,5,4,6,1.0,1,1][3,40,5,6,2.0,1,1][1,5,6,6,3.0,1,1]
[3,1,0,7,1.0,1,0][2,55,2,7,2.0,1,0][2,6,3,7,4.0,1,0][0,2,5,7,1.6,1,1][3,6,6,7,2.6,1,1]
[0,30,2,8,1.6,1,0][3,35,4,8,5.2,1,1][1,25,6,8,3.3,1,1]
;
tile=Enemy Run!
start=5,1
time=2
type=1
speed=8
distance=1.2
save=[0,-3.6]
path=storm
bonus=0,2,1,4
#Wave 7
# Sap xep theo cot
#*0000000*
#*1111111*
#*0000000*
#*1111111*
#*0110110*
[7,70,0,0,0.0,1,1][3,30,1,0,1.0,1,1][7,70,2,0,2.0,1,1][3,30,3,0,3.0,1,1][7,70,4,0,4.0,1,1][3,30,5,0,5.0,1,1][7,70,6,0,6.0,1,1]
[3,30,0,1,0.2,1,1][8,65,1,1,1.2,1,1][3,30,2,1,2.2,1,1][8,65,3,1,3.2,1,1][3,30,4,1,4.2,1,1][8,65,5,1,5.2,1,1][3,30,6,1,6.2,1,1]
[7,70,0,2,0.4,1,1][3,30,1,2,1.4,1,1][7,70,2,2,2.4,1,1][3,30,3,2,3.4,1,1][7,70,4,2,4.4,1,1][3,30,5,2,5.4,1,1][7,70,6,2,6.4,1,1]
[3,30,0,3,0.6,1,1][8,65,1,3,1.6,1,1][3,30,2,3,2.6,1,1][8,65,3,3,3.6,1,1][3,30,4,3,4.6,1,1][8,65,5,3,5.6,1,1][3,30,6,3,6.6,1,1]
[7,70,0,4,0.8,1,1][3,30,1,4,1.8,1,1][7,70,2,4,2.8,1,1][3,30,3,4,3.8,1,1][7,70,4,4,4.8,1,1][3,30,5,4,5.8,1,1][7,70,6,4,6.8,1,1]
;
tile=Enemy Run!
start=5,1
time=2
type=1
speed=8
distance=1.1
save=[0,-3.6]
path=arrow1,arrow2
bonus=0,2,1,4
#Wave 8
# Sap xep theo cot
#*0000000*
#*1111111*
#*0000000*
#*1111111*
#*0110110*
[4,40,0,0,0.0,1,1][2,30,1,0,1.0,1,1][4,40,2,0,2.0,1,1][2,30,3,0,3.0,1,1][4,40,4,0,0.6,1,0][2,30,5,0,1.6,1,0][4,40,6,0,2.6,1,0]
[2,30,0,1,0.2,1,1][8,65,1,1,1.2,1,1][2,30,2,1,2.2,1,1][8,65,3,1,3.2,1,1][2,30,4,1,0.8,1,0][8,65,5,1,1.8,1,0][2,30,6,1,2.8,1,0]
[4,40,0,2,0.4,1,1][2,30,1,2,1.4,1,1][4,40,2,2,2.4,1,1][2,30,3,2,0.0,1,0][4,40,4,2,1.0,1,0][2,30,5,2,2.0,1,0][4,40,6,2,3.0,1,0]
[2,30,0,3,0.6,1,1][8,65,1,3,1.6,1,1][2,30,2,3,2.6,1,1][8,65,3,3,0.2,1,0][2,30,4,3,1.2,1,0][8,65,5,3,2.2,1,0][2,30,6,3,3.2,1,0]
[4,40,0,4,0.8,1,1][2,30,1,4,1.8,1,1][4,40,2,4,2.8,1,1][2,30,3,4,0.4,1,0][4,40,4,4,1.4,1,0][2,30,5,4,2.4,1,0][4,40,6,4,3.4,1,0]
;
tile=Enemy Run!
start=5,1
time=2
type=1
speed=8
distance=1.2
save=[0,-3.6]
path=2way,2way2
loop=true
bonus=0,2,1,4
#Wave 9
# Sap xep theo cot
#*0000000*
#*1111111*
#*0000000*
#*1111111*
#*0110110*
[4,45,0,0,0.0,1,1][2,30,1,0,1.0,1,1][4,45,2,0,2.0,1,1][2,30,3,0,3.0,1,1][4,45,4,0,0.6,1,0][2,30,5,0,1.6,1,0][4,45,6,0,2.6,1,0]
[2,30,0,1,0.2,1,1][8,65,1,1,1.2,1,1][2,30,2,1,2.2,1,1][8,65,3,1,3.2,1,1][2,30,4,1,0.8,1,0][8,65,5,1,1.8,1,0][2,30,6,1,2.8,1,0]
[4,45,0,2,0.4,1,1][2,30,1,2,1.4,1,1][4,45,2,2,2.4,1,1][2,30,3,2,0.0,1,0][4,45,4,2,1.0,1,0][2,30,5,2,2.0,1,0][4,45,6,2,3.0,1,0]
[2,30,0,3,0.6,1,1][8,65,1,3,1.6,1,1][2,30,2,3,2.6,1,1][8,65,3,3,0.2,1,0][2,30,4,3,1.2,1,0][8,65,5,3,2.2,1,0][2,30,6,3,3.2,1,0]
[4,45,0,4,0.8,1,1][2,30,1,4,1.8,1,1][4,45,2,4,2.8,1,1][2,30,3,4,0.4,1,0][4,45,4,4,1.4,1,0][2,30,5,4,2.4,1,0][4,45,6,4,3.4,1,0]
;
tile=Enemy Run!
start=5,1
time=2
type=1
speed=8
distance=1.2
save=[0,-3.6]
path=left,right
loop=true
bonus=0,2,1,4
#Wave 10
# Sap xep theo cot
#*0000000*
#*1111111*
#*0000000*
#*1111111*
#*0110110*
[5,45,0,0,0.0,1,1][2,30,1,0,1.0,1,1][5,45,2,0,2.0,1,1][2,30,3,0,3.0,1,1][5,45,4,0,0.6,1,0][2,30,5,0,1.6,1,0][5,45,6,0,2.6,1,0]
[2,30,0,1,0.2,1,1][8,65,1,1,1.2,1,1][2,30,2,1,2.2,1,1][8,65,3,1,3.2,1,1][2,30,4,1,0.8,1,0][8,65,5,1,1.8,1,0][2,30,6,1,2.8,1,0]
[5,45,0,2,0.4,1,1][2,30,1,2,1.4,1,1][5,45,2,2,2.4,1,1][2,30,3,2,0.0,1,0][5,45,4,2,1.0,1,0][2,30,5,2,2.0,1,0][5,45,6,2,3.0,1,0]
[2,30,0,3,0.6,1,1][8,65,1,3,1.6,1,1][2,30,2,3,2.6,1,1][8,65,3,3,0.2,1,0][2,30,4,3,1.2,1,0][8,65,5,3,2.2,1,0][2,30,6,3,3.2,1,0]
[5,45,0,4,0.8,1,1][2,30,1,4,1.8,1,1][5,45,2,4,2.8,1,1][2,30,3,4,0.4,1,0][5,45,4,4,1.4,1,0][2,30,5,4,2.4,1,0][5,45,6,4,3.4,1,0]
;
tile=!
start=5,1

time=1
speed=7
type=1
distance=1.2
bonus=1,1,2
#Wave 11
#0*0123456*
#1*0123456*
#2*0123456*
#3*0123456*
[6,60,0,0,1,1,1][6,40,2,0,1,1,1][6,40,3,0,1,1,1][6,60,5,0,1,1,1]
[6,60,0,2,1,1,1][6,40,2,2,1,1,1][6,40,3,2,1,1,1][6,60,5,2,1,1,1]
[7,70,0,4,1,1,1][7,70,2,4,1,1,1][7,70,3,4,1,1,1][7,70,5,4,1,1,1]
;
tile=!
start=5,1

time=1
speed=7
type=1
distance=1.2
bonus=1,1,2
#Wave 12
#0*0123456*
#1*0123456*
#2*0123456*
#3*0123456*
[6,60,0,0,1,1,1][6,40,2,0,1,1,1][6,40,3,0,1,1,1][6,60,5,0,1,1,1]
[6,60,0,2,1,1,1][6,40,2,2,1,1,1][6,40,3,2,1,1,1][6,60,5,2,1,1,1]
[8,80,0,4,1,1,1][8,80,2,4,1,1,1][8,80,3,4,1,1,1][8,80,5,4,1,1,1]
;
tile=!
start=5,1

time=1
speed=7
type=1
distance=1.2
bonus=1,1,2
#Wave 13
#0*0123456*
#1*0123456*
#2*0123456*
#3*0123456*
[6,60,0,0,1,1,1][6,40,2,0,1,1,1][6,40,3,0,1,1,1][6,60,5,0,1,1,1]
[6,60,0,2,1,1,1][6,40,2,2,1,1,1][6,40,3,2,1,1,1][6,60,5,2,1,1,1]
[9,90,0,4,1,1,1][9,90,2,4,1,1,1][9,90,3,4,1,1,1][9,90,5,4,1,1,1]
;
tile=!
start=5,1

time=1
speed=7
type=1
distance=1.2
bonus=1,1,2
#Wave 14
#0*0123456*
#1*0123456*
#2*0123456*
#3*0123456*
[9,60,0,0,1,1,1][9,40,2,0,1,1,1][9,40,3,0,1,1,1][9,60,5,0,1,1,1]
[6,60,0,2,1,1,1][6,40,2,2,1,1,1][6,40,3,2,1,1,1][6,60,5,2,1,1,1]
[9,90,0,4,1,1,1][9,90,2,4,1,1,1][9,90,3,4,1,1,1][9,90,5,4,1,1,1]
;
tile=Meteorite!
distance=1
start=0,-1      
time=1
type=2
thienthach=2
speed=2
bonus=2,3,2,3
#Wave 15
# 2 khong sap xep theo hang cot
#*1*3*4*5*
#**2*4*6**
#*1011101*
#*3333333*
#*0110110*
[3,10,1,0,1.0,1,0][2,5,2,0,2.0,1,0][2,16,2,0,4.0,1,0][0,20,3,0,3.3,1,1][0,2,5,0,1.6,1,1][3,16,6,0,2.6,1,1]
[2,18,1,1,2.2,1,0][2,5,3,1,4.2,1,0][3,70,2,1,1.4,1,1][1,1,5,1,1.8,1,1][1,5,6,1,2.8,1,1]
[3,12,0,2,1.4,1,0][1,3,1,2,3.0,1,0][2,3,2,2,2.4,1,0][0,5,1,2,1.9,1,1][1,5,4,2,1.0,1,1][3,1,5,2,2.0,1,1][1,40,6,2,3.0,1,1]
[0,10,0,3,1.6,1,0][3,30,1,3,2.6,1,0][3,55,1,3,5.2,1,1][0,5,4,3,1.2,1,1][1,3,5,3,2.2,1,1][1,5,6,3,3.3,1,1]
[1,40,0,4,2.2,1,0][2,5,1,4,2.8,1,0][1,3,2,4,1.2,1,0][3,30,1,4,5.4,1,1][1,5,4,4,0.2,1,1][3,7,5,4,2.4,1,1]
[1,3,0,5,2.2,1,0][2,5,1,5,2.8,1,0][0,15,1,5,5.4,1,1][1,50,4,5,0.2,1,1][3,27,5,5,2.4,1,1][3,6,6,5,3.4,1,1]
[0,10,0,6,1.4,1,0][2,3,2,6,2.4,1,0][0,5,1,6,1.9,1,1][1,5,4,6,1.0,1,1][3,40,5,6,2.0,1,1][1,5,6,6,3.0,1,1]
[3,1,0,7,1.0,1,0][2,55,2,7,2.0,1,0][2,6,3,7,4.0,1,0][0,2,5,7,1.6,1,1][3,6,6,7,2.6,1,1]
[0,30,2,8,1.6,1,0][3,35,4,8,5.2,1,1][1,25,6,8,3.3,1,1]
;
tile=Meteorite!
distance=1
start=0,-1      
time=1
type=2
thienthach=3
speed=2
bonus=2,3,2,3
#Wave 16
# 2 khong sap xep theo hang cot
#*1*3*4*5*
#**2*4*6**
#*1011101*
#*3333333*
#*0110110*
[3,10,1,0,1.0,1,0][2,5,2,0,2.0,1,0][2,16,2,0,4.0,1,0][0,20,3,0,3.3,1,1][0,2,5,0,1.6,1,1][3,16,6,0,2.6,1,1]
[2,18,1,1,2.2,1,0][2,5,3,1,4.2,1,0][3,70,2,1,1.4,1,1][1,1,5,1,1.8,1,1][1,5,6,1,2.8,1,1]
[3,12,0,2,1.4,1,0][1,3,1,2,3.0,1,0][2,3,2,2,2.4,1,0][0,5,1,2,1.9,1,1][1,5,4,2,1.0,1,1][3,1,5,2,2.0,1,1][1,40,6,2,3.0,1,1]
[0,10,0,3,1.6,1,0][3,30,1,3,2.6,1,0][3,55,1,3,5.2,1,1][0,5,4,3,1.2,1,1][1,3,5,3,2.2,1,1][1,5,6,3,3.3,1,1]
[1,40,0,4,2.2,1,0][2,5,1,4,2.8,1,0][1,3,2,4,1.2,1,0][3,30,1,4,5.4,1,1][1,5,4,4,0.2,1,1][3,7,5,4,2.4,1,1]
[1,3,0,5,2.2,1,0][2,5,1,5,2.8,1,0][0,15,1,5,5.4,1,1][1,50,4,5,0.2,1,1][3,27,5,5,2.4,1,1][3,6,6,5,3.4,1,1]
[0,10,0,6,1.4,1,0][2,3,2,6,2.4,1,0][0,5,1,6,1.9,1,1][1,5,4,6,1.0,1,1][3,40,5,6,2.0,1,1][1,5,6,6,3.0,1,1]
[3,1,0,7,1.0,1,0][2,55,2,7,2.0,1,0][2,6,3,7,4.0,1,0][0,2,5,7,1.6,1,1][3,6,6,7,2.6,1,1]
[0,30,2,8,1.6,1,0][3,35,4,8,5.2,1,1][1,25,6,8,3.3,1,1]
;