
tile=Enemy down!
start=5,1
speed=8
distance=1
time=0.5
type=1
bonus=2,2,2,1
#Wave 1
[1,7,0,0,0.0,1,1][1,7,1,0,1.0,1,0][1,7,2,0,2.0,1,1][1,7,3,0,3.0,1,1][1,7,4,0,2.0,1,0][1,7,5,0,1.0,1,1][1,7,6,0,0.0,1,0]
[4,9,0,1,0.2,1,1][4,9,1,1,1.2,1,0][4,9,2,1,2.2,1,1][4,9,3,1,3.2,1,0][4,9,4,1,2.2,1,0][4,9,5,1,1.2,1,1][4,9,6,1,0.2,1,0]
[1,7,0,2,0.4,1,1][1,7,1,2,1.4,1,0][1,7,2,2,2.4,1,1][1,7,3,2,3.4,1,1][1,7,4,2,2.4,1,0][1,7,5,2,1.4,1,1][1,7,6,2,0.4,1,0]
[4,9,0,3,0.6,1,1][4,9,1,3,1.6,1,0][4,9,2,3,2.6,1,1][4,9,3,3,3.6,1,0][4,9,4,3,2.6,1,0][4,9,5,3,1.6,1,1][4,9,6,3,0.6,1,0]
[1,7,0,4,0.8,1,1][1,7,1,4,1.8,1,0][1,7,2,4,2.8,1,1][1,7,3,4,3.8,1,1][1,7,4,4,2.8,1,0][1,7,5,4,1.8,1,1][1,7,6,4,0.8,1,0]
;
tile=Bonus2!
start=5,1
time=2.5
type=0
bonus=2,2,2
path=wave,wave
speed=6
#Wave 2
# Sap xep theo cot
#__0123456_
#0*0000000*
#1*1111111*
#2*0000000*
#3*1111111*
#4*0110110*
[0,2,0,0,0.0,1,1][0,2,1,0,0.6,1,1][0,2,2,0,1.2,1,1][3,7,3,0,1.8,1,1][0,2,4,0,2.4,1,1][0,2,5,0,3.0,1,1][0,2,6,0,3.6,1,1]
[1,3,0,1,1.2,1,0][1,3,1,1,1.6,1,0][1,3,2,1,2.0,1,0][1,3,3,1,2.4,1,0][1,3,4,1,2.8,1,0][1,3,5,1,3.2,1,0][1,3,6,1,3.8,1,0]
[3,7,0,2,0.2,1,1][0,2,1,2,0.8,1,1][0,2,2,2,1.4,1,1][0,2,3,2,2.0,1,1][0,2,4,2,2.6,1,1][0,2,5,2,3.2,1,1][3,7,6,2,3.8,1,1]
[1,3,0,3,1.4,1,0][1,3,1,3,1.8,1,0][1,3,2,3,2.2,1,0][1,3,3,3,2.6,1,0][1,3,4,3,3.0,1,0][1,3,5,3,3.6,1,0][1,3,6,3,4.0,1,0]
[0,2,0,4,0.4,1,1][0,2,1,4,1.0,1,1][0,2,2,4,1.6,1,1][0,2,3,4,2.2,1,1][0,2,4,4,2.8,1,1][0,2,5,4,3.4,1,1][0,2,6,4,4.0,1,1]
;
tile=Enemy Ahihi!
start=5,1
speed=7
time=1
type=1
bonus=1,1,3,0
#Wave 3
[3,10,0,0,0.0,1,1][3,10,1,0,1.0,1,1][3,10,2,0,2.0,1,1][3,10,3,0,3.0,1,1][3,10,4,0,4.0,1,1][3,10,5,0,5.0,1,1][3,10,6,0,6.0,1,1]
[5,15,0,1,0.2,1,0][5,15,1,1,1.2,1,0][5,15,2,1,2.2,1,0][5,15,3,1,3.2,1,0][5,15,4,1,4.2,1,0][5,15,5,1,5.2,1,0][5,15,6,1,6.2,1,0]
[3,10,0,2,0.4,1,1][3,10,1,2,1.4,1,1][3,10,2,2,2.4,1,1][3,10,3,2,3.4,1,1][3,10,4,2,4.4,1,1][3,10,5,2,5.4,1,1][3,10,6,2,6.4,1,1]
[5,15,0,3,0.6,1,0][5,15,1,3,1.6,1,0][5,15,2,3,2.6,1,0][5,15,3,3,3.6,1,0][5,15,4,3,4.6,1,0][5,15,5,3,5.6,1,0][5,15,6,3,6.6,1,0]
[7,20,0,4,0.8,1,1][7,20,1,4,1.8,1,1][7,20,2,4,2.8,1,1][7,20,3,4,3.8,1,1][7,20,4,4,4.8,1,1][7,20,5,4,5.8,1,1][7,20,6,4,6.8,1,1]
;
tile=Enemy Run!
start=5,1
time=1
type=1
speed=7
distance=1
path=twirl
bonus=1,1,2
#Wave 4
# 2 khong sap xep theo hang cot
#*1*3*4*5*
#**2*4*6**sss  
#*1011101*
#*3333333*
#*0110110*
[4,20,0,0,1.0,1,0][0,10,1,0,1.8,1,0][4,15,2,0,2.6,1,0][0,10,3,0,3.4,1,1][4,15,4,0,4.2,1,1][0,10,5,0,5.2,1,1][4,20,6,0,6.0,1,1]
[2,10,0,1,1.2,1,0][5,15,1,1,2.0,1,0][2,10,2,1,2.8,1,0][5,15,3,1,3.6,1,1][2,10,4,1,4.6,1,1][5,15,5,1,5.4,1,1][2,10,6,1,6.2,1,1]
[3,15,0,2,1.4,1,0][2,10,1,2,2.2,1,0][3,15,2,2,3.0,1,0][2,10,3,2,3.8,1,1][3,15,4,2,4.8,1,1][0,10,5,2,5.6,1,1][3,15,6,2,6.4,1,1]
[8,40,0,3,1.6,1,0][8,40,1,3,2.4,1,0][8,40,2,3,3.2,1,0][8,40,3,3,4.0,1,1][8,40,4,3,5.0,1,1][8,40,5,3,5.8,1,1][8,40,6,3,6.6,1,1]
;
start=5,1
time=1
type=2
speed=4
bonus=1,2,3,4
#Wave 5
# 2 khong sap xep theo hang cot
#*1*3*4*5*
#**2*4*6**
#*1011101*
#*3333333*
#*0110110*
[1,20,0,0,3,1,1][6,30,1,0,2,1,1][3,15,2,0,1,1,1][3,15,3,0,0,1,0][6,30,4,0,1,1,0][1,20,5,0,2,1,0]
[0,15,0,1,3,1,1][0, 15,2,1,1,1,1][0, 15,3,1,0,1,0][0,6,5,1,2,1,0]
[1,20,0,2,3,1,1][2,11,1,2,2,1,1][8,50,2,2,1,1,1][8,50,3,2,0,1,0][2,11,4,2,1,1,0][1,20,5,2,2,1,0]
[0,15,0,3,3,1,1][0, 15,1,3,2,1,1][0, 15,2,3,1,1,1][0, 15,3,3,0,1,0][0, 15,4,3,1,1,0][0,15,5,3,2,1,0]
[1,20,0,4,3,1,1][2,11,1,4,2,1,1][3,15,2,4,1,1,1][3,15,3,4,0,1,0][2,11,4,4,1,1,0][1,20,5,4,2,1,0]
;
tile=Enemy Fly 1!
start=5,1
time=1
type=2
speed=4
bonus=2,2,3,4
#Wave 6
#23456*
#1*0123456*
#2*0123456*
#3*0123456*
[1,11,0,0,0.0,1,0][1,11,1,0,0.2,1,0][1,11,2,0,0.4,1,0][1,11,3,0,0.6,1,1][1,11,4,0,0.8,1,1][1,11,5,0,1.0,1,1][1,11,6,0,1.2,1,1]
[2,20,0,1,1.4,1,0][2,20,1,1,1.6,1,0][2,20,2,1,1.8,1,0][2,20,3,1,2.0,1,1][2,20,4,1,2.2,1,1][2,20,5,1,2.4,1,1][2,20,6,1,2.6,1,1]
[0,6,0,2,2.8,1,0][0,6,1,2,3.0,1,0][0,6,2,2,3.2,1,0][0,6,3,2,3.4,1,1][0,6,4,2,3.6,1,1][0,6,5,2,3.8,1,1][0,6,6,2,4.0,1,1]
[3,50,0,3,4.2,1,0][3,50,1,3,4.4,1,0][3,50,2,3,4.6,1,0][3,50,3,3,4.8,1,1][3,50,4,3,5.0,1,1][3,50,5,3,5.2,1,1][3,50,6,3,5.4,1,1]
; 
tile=Enemy Heart !
start=5,1
speed=8
time=1
type=2
distance=0.9
bonus=2,2,0,3
#Wave 7
#__0123456_
#0**00*00**
#1*0220220*
#2*0222220*
#3**02220**
#4***020***
#5****0****
[0,6,1,0,0.0,1,0][0,6,2,0,1.0,1,0][0,6,4,0,2.0,1,1][0,6,5,0,3.0,1,1]
[0,6,0,1,0.2,1,0][0,6,1,1,1.2,1,0][0,6,2,1,2.2,1,0][0,6,3,1,3.2,1,0][0,6,4,1,4.0,1,1][2,7,5,1,5.0,1,1][0,6,6,1,6.0,1,1]
[1,11,0,2,0.4,1,0][1,11,1,2,1.4,1,0][1,11,2,2,2.4,1,0][1,11,3,2,3.4,1,1][1,11,4,2,4.2,1,1][1,11,5,2,5.2,1,1][1,11,6,2,6.2,1,1]
[2,11,1,3,0.6,1,0][2,11,2,3,1.6,1,0][2,11,3,3,2.6,1,0][2,11,4,3,3.6,1,1][2,11,5,3,4.6,1,1]
[3,17,2,4,0.8,1,0][3,17,3,4,1.8,1,1][3,17,4,4,2.8,1,1]
[4,60,3,5,1.0,1,0]
;
tile=Enemy Fly 123!
start=5,1
time=1
speed=5
type=2
distance=1
bonus=1,3,1,3,2
#Wave 8
#0*0123456*
#1**12345**
#2***234***
#3****3****
#4**1*3*5**
[2,11,0,0,0,1,0][1,11,1,0,0,1,0][0,6,2,0,0,1,0][0,3,3,0,0,1,0][0,6,4,0,0,1,0][1,11,5,0,0,1,1][2,11,6,0,0,1,0]
[2,11,1,1,1,1,1][1,11,2,1,1,1,1][1,11,3,1,1,1,1][1,5,4,1,1,1,1][1,11,5,1,1,1,1]
[2,11,1,2,2,1,0][6,30,3,2,0,1,0][2,11,5,2,2,1,0]
[3,20,3,3,0,1,1]
[7,30,1,4,0,1,1][7,30,3,4,0,1,1][7,30,5,4,0,1,1]
;
tile=Enemy Heart !
start=5,1
speed=7
time=1
type=2
distance=1
path= path5
bonus=2,2,0,3
#Wave 9
#__0123456_
#0**00*00**
#1*0220220*
#2*0222220*
#3**02220**
#4***020***
#5****0****
[0,25,1,0,0.0,1,0][0,25,2,0,1.0,1,0][0,25,4,0,2.0,1,1][0,25,5,0,3.0,1,1]
[0,25,0,1,0.2,1,0][2,15,1,1,1.2,1,0][2,15,2,1,2.2,1,0][0,25,3,1,3.2,1,0][2,15,4,1,4.0,1,1][2,15,5,1,5.0,1,1][0,25,6,1,6.0,1,1]
[0,25,0,2,0.4,1,0][2,15,1,2,1.4,1,0][2,15,2,2,2.4,1,0][4,20,3,2,3.4,1,1][2,15,4,2,4.2,1,1][2,15,5,2,5.2,1,1][0,25,6,2,6.2,1,1]
[0,25,1,3,0.6,1,0][2,15,2,3,1.6,1,0][2,15,3,3,2.6,1,0][2,15,4,3,3.6,1,1][0,25,5,3,4.6,1,1]
[0,25,2,4,0.8,1,0][2,15,3,4,1.8,1,1][0,25,4,4,2.8,1,1]
[6,45,3,5,1.0,1,0]
;
tile=Meteorite!
distance=0.9
start=0,-1      
time=1
type=2
thienthach=1
speed=1
bonus=1,2,1,3
#Wave 10
# 2 khong sap xep theo hang cot
#*1*3*4*5*
#**2*4*6**
#*1011101*
#*3333333*
#*0110110*
[3,15,0,0,1.0,1,0][0,1,1,0,1.0,1,0][0,1,2,0,2.0,1,0][2,6,2,0,4.0,1,0][0,60,3,0,3.3,1,1][0,2,5,0,1.6,1,1][3,15,6,0,2.6,1,1]
[0,1,0,1,1.2,1,0][2,4,1,1,2.2,1,0][1,3,2,1,2.2,1,0][2,5,3,1,4.2,1,0][0,5,2,1,1.4,1,1][1,1,5,1,1.8,1,1][1,5,6,1,2.8,1,1]
[2,3,0,2,1.4,1,0][1,3,1,2,3.0,1,0][2,60,2,2,2.4,1,0][0,5,1,2,1.9,1,1][1,5,4,2,1.0,1,1][3,5,5,2,2.0,1,1][1,5,6,2,3.0,1,1]
[0,1,0,3,1.6,1,0][3,15,1,3,2.6,1,0][3,15,2,3,2.6,1,0][3,15,1,3,5.2,1,1][0,5,4,3,1.2,1,1][1,3,5,3,2.2,1,1][1,5,6,3,3.3,1,1]
[3,60,0,4,2.2,1,0][0,4,1,4,2.8,1,0][1,3,2,4,1.2,1,0][0,60,1,4,5.4,1,1][1,5,4,4,0.2,1,1][1,2,5,4,2.4,1,1][3,60,6,4,3.4,1,1]
;
tile=!
start=5,1
time=1
speed=7
type=1
distance=1
bonus=1,1,2
attack=true
#Wave 11
#0*0123456*
#1*0123456*
#2*0123456*
#3*0123456*
[8,30,0,0,1,1,1][3,10,2,0,1,1,1][3,10,3,0,1,1,1][8,30,5,0,1,1,1]
[8,30,0,2,1,1,1][3,10,2,2,1,1,1][3,10,3,2,1,1,1][8,30,5,2,1,1,1]
[8,30,0,4,1,1,1][3,10,2,4,1,1,1][3,10,3,4,1,1,1][8,30,5,4,1,1,1]
;
tile=Enemy Space!
start=5,1
time=1
speed=6
type=1
bonus=0,1,0,1,2,3
#Wave 12
#0*0123456*
#1*0123456*
#2*0123456*
#3*0123456*
[3,13,1,1,0,1,1][6,50,3,1,1.6,1,0][3,13,5,1,3.2,1,0]
[6,50,3,3,0.4,1,0][6,50,2,3,2.0,1,1][6,50,5,6,3.6,1,0]
[6,50,1,4,0.8,1,1][6,50,0,4,2.4,1,0][6,50,3,6,4.0,1,0]
[3,13,2,4,1.2,1,0][6,50,3,4,2.8,1,1][3,13,0,6,4.4,1,0]
;
tile=Enemy Run!
start=5,1
time=1
type=1
speed=7
distance=1
path=twirl
#Wave 13
# 2 khong sap xep theo hang cot
#*1*3*4*5*
#**2*4*6**
#*1011101*
#*3333333*
#*0110110*
[8,50,0,0,1.0,1,0][0,6,1,0,1.8,1,0][8,50,2,0,2.6,1,0][0,6,3,0,3.4,1,1][4,20,4,0,4.2,1,1][0,6,5,0,5.2,1,1][8,50,6,0,6.0,1,1]
[0,6,0,1,1.2,1,0][5,15,1,1,2.0,1,0][0,6,2,1,2.8,1,0][5,15,3,1,3.6,1,1][0,6,4,1,4.6,1,1][5,15,5,1,5.4,1,1][0,6,6,1,6.2,1,1]
[3,15,0,2,1.4,1,0][0,6,1,2,2.2,1,0][3,15,2,2,3.0,1,0][0,6,3,2,3.8,1,1][3,15,4,2,4.8,1,1][0,6,5,2,5.6,1,1][3,15,6,2,6.4,1,1]
[0,20,0,3,1.6,1,0][7,45,1,3,2.4,1,0][0,6,2,3,3.2,1,0][7,45,3,3,4.0,1,1][0,6,4,3,5.0,1,1][7,45,5,3,5.8,1,1][2,6,6,3,6.6,1,1]
;
tile=Meteorite!
distance=0.9
start=0,-1      
time=1
type=2
thienthach=1
speed=1
bonus=1,2,1,3
#Wave 14
# 2 khong sap xep theo hang cot
#*1*3*4*5*
#**2*4*6**
#*1011101*
#*3333333*
#*0110110*
[3,15,0,0,1.0,1,0][0,1,1,0,1.0,1,0][0,1,2,0,2.0,1,0][2,6,2,0,4.0,1,0][0,60,3,0,3.3,1,1][0,2,5,0,1.6,1,1][3,15,6,0,2.6,1,1]
[0,1,0,1,1.2,1,0][2,4,1,1,2.2,1,0][1,20,2,1,2.2,1,0][2,5,3,1,4.2,1,0][0,5,2,1,1.4,1,1][1,1,5,1,1.8,1,1][1,5,6,1,2.8,1,1]
[2,3,0,2,1.4,1,0][1,3,1,2,3.0,1,0][2,60,2,2,2.4,1,0][0,5,1,2,1.9,1,1][1,5,4,2,1.0,1,1][3,5,5,2,2.0,1,1][1,5,6,2,3.0,1,1]
[0,1,0,3,1.6,1,0][3,35,1,3,2.6,1,0][3,15,2,3,2.6,1,0][3,15,1,3,5.2,1,1][0,5,4,3,1.2,1,1][1,3,5,3,2.2,1,1][1,5,6,3,3.3,1,1]
[3,60,0,4,2.2,1,0][0,4,1,4,2.8,1,0][1,3,2,4,1.2,1,0][0,60,1,4,5.4,1,1][1,5,4,4,0.2,1,1][1,2,5,4,2.4,1,1][3,60,6,4,3.4,1,1]
;
boss=3