#[0] Type
#[1] Health
#[2] dx
#[3] dy
#[4] Delay
#[5] Speed
#[6] Arrow
################
tile=Enemy Go!
start=5,1
speed=7
time=1
type=1
bonus=1,1,2
#Wave 1
#0*0123456*
#1*0123456*
#2*0123456*
#3*0123456*
[0,1,0,0,0.0,1,0][0,1,2,0,0.4,1,0][0,1,4,0,0.8,1,1][0,1,6,0,1.2,1,1]
[0,1,0,1,1.4,1,0][0,1,2,1,1.8,1,0][0,1,4,1,2.2,1,1][0,1,6,1,2.6,1,1]
[0,1,0,2,2.8,1,0][0,1,2,2,3.2,1,0][0,1,4,2,3.6,1,1][0,1,6,2,4.0,1,1]
[0,1,0,3,4.2,1,0][0,1,2,3,4.6,1,0][0,1,4,3,5.0,1,1] [0,1,6,3,5.4,1,1]
;
tile=Enemy Fly 123!
start=5,1
time=1
speed=5
type=2
bonus=1,1,3,2
#Wave 2
#0*0123456*
#1**12345**
#2***234***
#3****3****
#4**1*3*5**
[1,5,0,0,0,1,0][1,5,1,0,0,1,0][0,3,2,0,0,1,0][0,3,3,0,0,1,0][0,4,4,0,0,1,0][1,5,5,0,0,1,1][2,3,6,0,0,1,0]
[1,5,1,1,1,1,1][1,5,2,1,1,1,1][0,3,3,1,1,1,1][1,5,4,1,1,1,1][1,5,5,1,1,1,1]
[1,5,2,2,2,1,0][1,3,3,2,2,1,0][1,5,4,2,2,1,0]
[1,5,3,3,3,1,1]
[2,11,1,4,0,1,1][2,11,3,4,0,1,1][2,11,5,4,0,1,1]
;
tile=Enemy Fly 2!
path=star2
start=5,1
speed=6
time=1
type=2
bonus=1,2,2,3
safe=[0,-3.6]
#Wave 3
#0*0123456*
#1*0123456*
#2*0123456*
#3*0123456*
[2,5,0,0,0.0,1,0][2,5,1,0,1.0,1,0][2,5,2,0,2.0,1,0][2,5,3,0,3.0,1,0][2,5,4,0,4.0,1,0][2,5,5,0,5.0,1,0][2,5,6,0,6.0,1,0]
[2,5,0,1,0.2,1,0][2,5,1,1,1.2,1,0][2,5,2,1,2.2,1,0][2,5,3,1,3.2,1,0][2,5,4,1,4.2,1,0][2,5,5,1,5.2,1,0][2,5,6,1,6.2,1,0]
[2,5,0,2,0.4,1,0][2,5,1,2,1.4,1,0][2,5,2,2,2.4,1,0][2,5,3,2,3.4,1,0][2,5,4,2,4.4,1,0][2,5,5,2,5.4,1,0][2,5,6,2,6.4,1,0]
[2,5,0,3,0.6,1,0][2,5,1,3,1.6,1,0][2,5,2,3,2.6,1,0][2,5,3,3,3.6,1,0][2,5,4,3,4.6,1,0][2,5,5,3,5.6,1,0][2,5,6,3,6.6,1,0]
[2,11,0,4,0.8,1,0][2,7,1,4,1.8,1,0][2,7,2,4,2.8,1,0][2,7,3,4,3.8,1,0][2,7,4,4,4.8,1,0][2,7,5,4,5.8,1,0][2,7,6,4,6.8,1,0]
;
