tile=Space 3!
start=5,1

time=1
speed=9
distance=1
type=1
bonus=1,3,1,2,3
#Wave 1
#0*0123456*
#1*0123456*
#2*0123456*
#3*0123456*
[8,60,0,0,0.2,1,1][8,60,3,0,1.0,1,0][8,60,6,0,1.8,1,0]
[8,60,0,2,0.4,1,0][8,60,3,2,1.2,1,1][8,60,6,2,2.0,1,0]
[11,60,0,4,0.6,1,1][11,60,1,4,1.4,1,0][11,60,2,4,2.2,1,0][11,60,3,4,0.6,1,1][11,60,4,4,1.4,1,0][11,60,5,4,2.2,1,0]
;
tile=Space 3!
start=5,1

time=1
speed=9
distance=1
type=1
bonus=1,3,1,2,3
#Wave 2
#0*0123456*
#1*0123456*
#2*0123456*
#3*0123456*
[7,60,0,0,0.2,1,1][7,60,3,0,1.0,1,0][7,60,6,0,1.8,1,0]
[7,60,0,2,0.4,1,0][7,60,3,2,1.2,1,1][7,60,6,2,2.0,1,0]
[11,60,-1,4,0.6,1,1][11,60,0,4,0.6,1,1][11,60,1,4,1.4,1,0][11,60,2,4,2.2,1,0][11,60,3,4,0.6,1,1][11,60,4,4,1.4,1,0][11,60,5,4,2.2,1,0][11,60,6,4,2.2,1,0]
;
tile=Space 3!
start=5,1

time=1
speed=9
distance=1
type=1
bonus=1,3,1,2,3
#Wave 3
#0*0123456*
#1*0123456*
#2*0123456*
#3*0123456*
[9,70,0,0,0.2,1,1][9,70,3,0,1.0,1,0][9,70,6,0,1.8,1,0]
[9,70,0,2,0.4,1,0][9,70,3,2,1.2,1,1][9,70,6,2,2.0,1,0]
[11,60,-1,4,0.6,1,1][11,60,0,4,0.6,1,1][11,60,1,4,1.4,1,0][11,60,2,4,2.2,1,0][11,60,3,4,0.6,1,1][11,60,4,4,1.4,1,0][11,60,5,4,2.2,1,0][11,60,6,4,2.2,1,0]
;
tile=Space 3!
start=5,1

time=1
speed=9
distance=1
type=1
bonus=1,3,1,2,3
#Wave 4
#0*0123456*
#1*0123456*
#2*0123456*
#3*0123456*
[7,60,0,0,0.2,1,1][8,65,3,0,1.0,1,0][9,70,6,0,1.8,1,0]
[9,70,0,2,0.4,1,0][8,65,3,2,1.2,1,1][7,60,6,2,2.0,1,0]
[11,60,-1,4,0.6,1,1][11,60,0,4,0.6,1,1][11,60,1,4,1.4,1,0][11,60,2,4,2.2,1,0][11,60,3,4,0.6,1,1][11,60,4,4,1.4,1,0][11,60,5,4,2.2,1,0][11,60,6,4,2.2,1,0]
;
tile=Enemy Run!
start=5,1
time=2
type=1
speed=8
distance=1.2
save=[0,-3.6]
path=storm
bonus=0,2,1,4
#Wave 5
# Sap xep theo cot
#*0000000*
#*1111111*
#*0000000*
#*1111111*
#*0110110*
[7,70,0,0,0.0,1,1][3,30,1,0,1.0,1,1][7,70,2,0,2.0,1,1][3,30,3,0,3.0,1,1][7,70,4,0,4.0,1,1][3,30,5,0,5.0,1,1][7,70,6,0,6.0,1,1]
[3,30,0,1,0.2,1,1][8,65,1,1,1.2,1,1][3,30,2,1,2.2,1,1][8,65,3,1,3.2,1,1][3,30,4,1,4.2,1,1][8,65,5,1,5.2,1,1][3,30,6,1,6.2,1,1]
[7,70,0,2,0.4,1,1][3,30,1,2,1.4,1,1][7,70,2,2,2.4,1,1][3,30,3,2,3.4,1,1][7,70,4,2,4.4,1,1][3,30,5,2,5.4,1,1][7,70,6,2,6.4,1,1]
[3,30,0,3,0.6,1,1][8,65,1,3,1.6,1,1][3,30,2,3,2.6,1,1][8,65,3,3,3.6,1,1][3,30,4,3,4.6,1,1][8,65,5,3,5.6,1,1][3,30,6,3,6.6,1,1]
[7,70,0,4,0.8,1,1][3,30,1,4,1.8,1,1][7,70,2,4,2.8,1,1][3,30,3,4,3.8,1,1][7,70,4,4,4.8,1,1][3,30,5,4,5.8,1,1][7,70,6,4,6.8,1,1]
;
tile=Enemy Run!
start=5,1
time=2
type=1
speed=8
distance=1.1
save=[0,-3.6]
path=arrow1,arrow2
bonus=0,2,1,4
#Wave 6
# Sap xep theo cot
#*0000000*
#*1111111*
#*0000000*
#*1111111*
#*0110110*
[4,40,0,0,0.0,1,1][2,30,1,0,1.0,1,1][4,40,2,0,2.0,1,1][2,30,3,0,3.0,1,1][4,40,4,0,0.6,1,0][2,30,5,0,1.6,1,0][4,40,6,0,2.6,1,0]
[2,30,0,1,0.2,1,1][8,65,1,1,1.2,1,1][2,30,2,1,2.2,1,1][8,65,3,1,3.2,1,1][2,30,4,1,0.8,1,0][8,65,5,1,1.8,1,0][2,30,6,1,2.8,1,0]
[4,40,0,2,0.4,1,1][2,30,1,2,1.4,1,1][4,40,2,2,2.4,1,1][2,30,3,2,0.0,1,0][4,40,4,2,1.0,1,0][2,30,5,2,2.0,1,0][4,40,6,2,3.0,1,0]
[2,30,0,3,0.6,1,1][8,65,1,3,1.6,1,1][2,30,2,3,2.6,1,1][8,65,3,3,0.2,1,0][2,30,4,3,1.2,1,0][8,65,5,3,2.2,1,0][2,30,6,3,3.2,1,0]
[4,40,0,4,0.8,1,1][2,30,1,4,1.8,1,1][4,40,2,4,2.8,1,1][2,30,3,4,0.4,1,0][4,40,4,4,1.4,1,0][2,30,5,4,2.4,1,0][4,40,6,4,3.4,1,0]
;
tile=Enemy Run!
start=5,1
time=2
type=1
speed=8
distance=1.2
save=[0,-3.6]
path=2way,2way2
loop=true
bonus=0,2,1,4
#Wave 7
# Sap xep theo cot
#*0000000*
#*1111111*
#*0000000*
#*1111111*
#*0110110*
[4,45,0,0,0.0,1,1][2,30,1,0,1.0,1,1][4,45,2,0,2.0,1,1][2,30,3,0,3.0,1,1][4,45,4,0,0.6,1,0][2,30,5,0,1.6,1,0][4,45,6,0,2.6,1,0]
[2,30,0,1,0.2,1,1][8,65,1,1,1.2,1,1][2,30,2,1,2.2,1,1][8,65,3,1,3.2,1,1][2,30,4,1,0.8,1,0][8,65,5,1,1.8,1,0][2,30,6,1,2.8,1,0]
[4,45,0,2,0.4,1,1][2,30,1,2,1.4,1,1][4,45,2,2,2.4,1,1][2,30,3,2,0.0,1,0][4,45,4,2,1.0,1,0][2,30,5,2,2.0,1,0][4,45,6,2,3.0,1,0]
[2,30,0,3,0.6,1,1][8,65,1,3,1.6,1,1][2,30,2,3,2.6,1,1][8,65,3,3,0.2,1,0][2,30,4,3,1.2,1,0][8,65,5,3,2.2,1,0][2,30,6,3,3.2,1,0]
[4,45,0,4,0.8,1,1][2,30,1,4,1.8,1,1][4,45,2,4,2.8,1,1][2,30,3,4,0.4,1,0][4,45,4,4,1.4,1,0][2,30,5,4,2.4,1,0][4,45,6,4,3.4,1,0]
;
tile=Enemy Run!
start=5,1
time=2
type=1
speed=8
distance=1.2
save=[0,-3.6]
path=left,right
loop=true
bonus=0,2,1,4
#Wave 8
# Sap xep theo cot
#*0000000*
#*1111111*
#*0000000*
#*1111111*
#*0110110*
[5,45,0,0,0.0,1,1][2,30,1,0,1.0,1,1][5,45,2,0,2.0,1,1][2,30,3,0,3.0,1,1][5,45,4,0,0.6,1,0][2,30,5,0,1.6,1,0][5,45,6,0,2.6,1,0]
[2,30,0,1,0.2,1,1][8,65,1,1,1.2,1,1][2,30,2,1,2.2,1,1][8,65,3,1,3.2,1,1][2,30,4,1,0.8,1,0][8,65,5,1,1.8,1,0][2,30,6,1,2.8,1,0]
[5,45,0,2,0.4,1,1][2,30,1,2,1.4,1,1][5,45,2,2,2.4,1,1][2,30,3,2,0.0,1,0][5,45,4,2,1.0,1,0][2,30,5,2,2.0,1,0][5,45,6,2,3.0,1,0]
[2,30,0,3,0.6,1,1][8,65,1,3,1.6,1,1][2,30,2,3,2.6,1,1][8,65,3,3,0.2,1,0][2,30,4,3,1.2,1,0][8,65,5,3,2.2,1,0][2,30,6,3,3.2,1,0]
[5,45,0,4,0.8,1,1][2,30,1,4,1.8,1,1][5,45,2,4,2.8,1,1][2,30,3,4,0.4,1,0][5,45,4,4,1.4,1,0][2,30,5,4,2.4,1,0][5,45,6,4,3.4,1,0]
;
start=5,1
time=2
type=1
speed=8
distance=1.2
save=[0,-3.6]
path=cross1,cross2
loop=true
bonus=0,2,1,4
#Wave 9
# Sap xep theo cot
#*0000000*
#*1111111*
#*0000000*
#*1111111*
#*0110110*
[7,45,0,0,0.0,1,1][2,30,1,0,1.0,1,1][7,45,2,0,2.0,1,1][2,30,3,0,3.0,1,1][7,45,4,0,0.6,1,0][2,30,5,0,1.6,1,0][7,45,6,0,2.6,1,0]
[2,30,0,1,0.2,1,1][8,65,1,1,1.2,1,1][2,30,2,1,2.2,1,1][8,65,3,1,3.2,1,1][2,30,4,1,0.8,1,0][8,65,5,1,1.8,1,0][2,30,6,1,2.8,1,0]
[5,45,0,2,0.4,1,1][2,30,1,2,1.4,1,1][5,45,2,2,2.4,1,1][2,30,3,2,0.0,1,0][5,45,4,2,1.0,1,0][2,30,5,2,2.0,1,0][5,45,6,2,3.0,1,0]
[2,30,0,3,0.6,1,1][8,65,1,3,1.6,1,1][2,30,2,3,2.6,1,1][8,65,3,3,0.2,1,0][2,30,4,3,1.2,1,0][8,65,5,3,2.2,1,0][2,30,6,3,3.2,1,0]
[5,45,0,4,0.8,1,1][2,30,1,4,1.8,1,1][5,45,2,4,2.8,1,1][2,30,3,4,0.4,1,0][5,45,4,4,1.4,1,0][2,30,5,4,2.4,1,0][5,45,6,4,3.4,1,0]
;
tile=Meteorite!
distance=1
start=0,-1      
time=1
type=2
thienthach=1
speed=1
bonus=2,3,2,3
#Wave 10
# 2 khong sap xep theo hang cot
#*1*3*4*5*
#**2*4*6**
#*1011101*
#*3333333*
#*0110110*
[3,2,0,0,1.0,1,0][0,1,1,0,1.0,1,0][2,50,2,0,2.0,1,0][2,6,3,0,4.0,1,0][0,6,3,0,3.3,1,1][0,2,5,0,1.6,1,1][3,6,6,0,2.6,1,1]
[0,1,0,1,1.2,1,0][2,25,1,1,2.2,1,0][1,20,2,1,2.2,1,0][2,5,3,1,4.2,1,0][3,50,2,1,1.4,1,1][1,1,5,1,1.8,1,1][1,5,6,1,2.8,1,1]
[2,3,0,2,1.4,1,0][1,3,2,2,3.0,1,0][2,3,2,2,2.4,1,0][0,5,1,2,1.9,1,1][1,5,4,2,1.0,1,1][3,30,5,2,2.0,1,1][1,5,6,2,3.0,1,1]
[0,1,0,3,1.6,1,0][3,3,1,3,2.6,1,0][3,1,2,3,2.6,1,0][3,5,1,3,5.2,1,1][0,20,4,3,1.2,1,1][1,15,5,3,2.2,1,1][1,5,6,3,3.3,1,1]
[3,20,0,4,2.2,1,0][2,50,2,4,2.8,1,0][1,3,2,4,1.2,1,0][0,5,3,4,5.4,1,1][1,5,4,4,0.2,1,1][3,7,5,4,2.4,1,1][3,50,6,4,3.4,1,1]
[3,3,0,5,2.3,1,0][2,15,2,5,2.8,1,0][1,3,2,5,1.2,1,0][0,5,1,3,5.4,1,1][1,5,4,5,0.2,1,1][3,7,5,5,2.4,1,1][3,6,6,5,3.4,1,1]
[2,3,0,6,1.4,1,0][1,3,1,6,3.0,1,0][2,30,2,6,2.4,1,0][0,30,3,6,1.9,1,1][1,5,4,6,1.0,1,1][3,1,5,6,2.0,1,1][1,30,6,6,3.0,1,1]
[1,3,0,7,1.4,1,0][3,3,1,7,3.0,1,0][1,30,2,7,2.4,1,0][0,30,3,7,1.9,1,1][1,5,4,7,1.0,1,1][2,1,5,7,2.0,1,1][3,30,6,7,3.0,1,1]
[3,3,0,7,1.4,1,0][2,30,2,7,2.4,1,0][0,30,3,7,1.9,1,1][2,1,5,7,2.0,1,1][0,30,6,7,3.0,1,1]
;
tile=Meteorite!
distance=1
start=0,-1      
time=1
type=2
thienthach=2
speed=1
bonus=2,3,2,3
#Wave 11
# 2 khong sap xep theo hang cot
#*1*3*4*5*
#**2*4*6**
#*1011101*
#*3333333*
#*0110110*
[3,2,0,0,1.0,1,0][3,1,1,0,1.0,1,0][2,5,2,0,2.0,1,0][2,6,2,0,4.0,1,0][0,6,3,0,3.3,1,1][0,2,5,0,1.6,1,1][3,6,6,0,2.6,1,1]
[0,1,0,1,1.2,1,0][2,4,1,1,2.2,1,0][1,3,2,1,2.2,1,0][2,5,3,1,4.2,1,0][3,7,2,1,1.4,1,1][1,1,5,1,1.8,1,1][1,5,6,1,2.8,1,1]
[2,3,0,2,1.4,1,0][1,7,1,2,3.0,1,0][2,3,2,2,2.4,1,0][1,5,1,2,1.9,1,1][1,5,4,2,1.0,1,1][3,1,5,2,2.0,1,1][2,5,6,2,3.0,1,1]
[2,1,0,3,1.6,1,0][3,3,1,3,2.6,1,0][3,1,2,3,2.6,1,0][3,5,1,3,5.2,1,1][0,5,4,3,1.2,1,1][0,3,5,3,2.2,1,1][3,5,6,3,3.3,1,1]
[2,3,0,4,2.2,1,0][2,5,1,4,2.8,1,0][1,3,2,4,1.2,1,0][0,5,1,4,5.4,1,1][3,5,4,4,0.2,1,1][3,7,5,4,2.4,1,1][3,6,6,4,3.4,1,1]
[3,3,0,5,2.2,1,0][2,5,1,5,2.8,1,0][1,3,2,5,1.2,1,0][0,5,1,5,5.4,1,1][1,5,4,5,0.2,1,1][3,7,5,5,2.4,1,1][3,6,6,5,3.4,1,1]
[2,3,0,6,1.4,1,0][1,3,1,6,3.0,1,0][2,3,2,6,2.4,1,0][0,5,1,6,1.9,1,1][1,5,4,6,1.0,1,1][3,1,5,6,2.0,1,1][1,5,6,6,3.0,1,1]
;
tile=Meteorite!
distance=1
start=0,-1      
time=1
type=1
thienthach=3
speed=2
bonus=2,3,2,3
#Wave 12
# 2 khong sap xep theo hang cot
#*1*3*4*5*
#**2*4*6**
#*1011101*
#*3333333*
#*0110110*
[3,10,1,0,1.0,1,0][2,5,2,0,2.0,1,0][2,16,2,0,4.0,1,0][0,20,3,0,3.3,1,1][0,2,5,0,1.6,1,1][3,16,6,0,2.6,1,1]
[2,18,1,1,2.2,1,0][2,5,3,1,4.2,1,0][3,70,2,1,1.4,1,1][1,1,5,1,1.8,1,1][1,5,6,1,2.8,1,1]
[3,12,0,2,1.4,1,0][1,3,1,2,3.0,1,0][2,3,2,2,2.4,1,0][0,5,1,2,1.9,1,1][1,5,4,2,1.0,1,1][3,1,5,2,2.0,1,1][1,40,6,2,3.0,1,1]
[0,10,0,3,1.6,1,0][3,30,1,3,2.6,1,0][3,55,1,3,5.2,1,1][0,5,4,3,1.2,1,1][1,3,5,3,2.2,1,1][1,5,6,3,3.3,1,1]
[1,40,0,4,2.2,1,0][2,5,1,4,2.8,1,0][1,3,2,4,1.2,1,0][3,30,1,4,5.4,1,1][1,5,4,4,0.2,1,1][3,7,5,4,2.4,1,1]
[1,3,0,5,2.2,1,0][2,5,1,5,2.8,1,0][0,15,1,5,5.4,1,1][1,50,4,5,0.2,1,1][3,27,5,5,2.4,1,1][3,6,6,5,3.4,1,1]
[0,10,0,6,1.4,1,0][2,3,2,6,2.4,1,0][0,5,1,6,1.9,1,1][1,5,4,6,1.0,1,1][3,40,5,6,2.0,1,1][1,5,6,6,3.0,1,1]
[3,1,0,7,1.0,1,0][2,55,2,7,2.0,1,0][2,6,3,7,4.0,1,0][0,2,5,7,1.6,1,1][3,6,6,7,2.6,1,1]
[0,30,2,8,1.6,1,0][3,35,4,8,5.2,1,1][1,25,6,8,3.3,1,1]
;
tile=Enemy Ahihi!
start=5,1
speed=8
time=1
type=1
bonus=1,1,3,0
distance=1.1
#Wave 13
[1,10,0,0,0.0,1,0][4,40,1,0,1.0,1,0][1,10,2,0,2.0,1,0][4,40,3,0,3.0,1,0][1,10,4,0,4.0,1,0][4,40,5,0,5.0,1,0][1,10,6,0,6.0,1,0]
[2,27,0,1,0.2,1,0][3,15,1,1,1.2,1,0][2,27,2,1,2.2,1,0][3,30,3,1,3.2,1,0][2,27,4,1,4.2,1,0][3,30,5,1,5.2,1,0][2,27,6,1,6.2,1,0]
[3,30,0,2,0.4,1,0][2,27,1,2,1.4,1,0][3,30,2,2,2.4,1,0][2,27,3,2,3.4,1,0][3,30,4,2,4.4,1,0][2,27,5,2,5.4,1,0][3,30,6,2,6.4,1,0]
[4,40,0,3,0.6,1,0][1,15,1,3,1.6,1,0][4,40,2,3,2.6,1,0][1,15,3,3,3.6,1,0][4,40,4,3,4.6,1,0][1,15,5,3,5.6,1,0][4,40,6,3,6.6,1,0]
[11,60,0,4,0.8,1,0][11,60,1,4,1.8,1,0][11,60,2,4,2.8,1,0][11,60,3,4,3.8,1,0][11,60,4,4,4.8,1,0][11,60,5,4,5.8,1,0][11,60,6,4,6.8,1,0]
;
tile=Enemy Ahihi!
start=5,1
speed=8
time=1
type=1
bonus=1,1,3,0
distance=1.1
#Wave 14
[2,20,0,0,0.0,1,0][5,40,1,0,1.0,1,0][2,20,2,0,2.0,1,0][5,40,3,0,3.0,1,0][2,20,4,0,4.0,1,0][5,40,5,0,5.0,1,0][2,20,6,0,6.0,1,0]
[3,30,0,1,0.2,1,0][4,40,1,1,1.2,1,0][3,30,2,1,2.2,1,0][4,40,3,1,3.2,1,0][3,30,4,1,4.2,1,0][4,40,5,1,5.2,1,0][3,30,6,1,6.2,1,0]
[4,30,0,2,0.4,1,0][3,30,1,2,1.4,1,0][4,40,2,2,2.4,1,0][3,30,3,2,3.4,1,0][4,40,4,2,4.4,1,0][3,30,5,2,5.4,1,0][4,40,6,2,6.4,1,0]
[5,50,0,3,0.6,1,0][2,20,1,3,1.6,1,0][5,50,2,3,2.6,1,0][2,20,3,3,3.6,1,0][5,50,4,3,4.6,1,0][2,20,5,3,5.6,1,0][5,50,6,3,6.6,1,0]
[11,65,0,4,0.8,1,0][11,65,1,4,1.8,1,0][11,65,2,4,2.8,1,0][11,65,3,4,3.8,1,0][11,65,4,4,4.8,1,0][11,65,5,4,5.8,1,0][11,65,6,4,6.8,1,0]
;
tile=Enemy Ahihi!
start=5,1
speed=8
time=1
type=1
bonus=1,1,3,0
distance=1.1
#Wave 14
[3,30,0,0,0.0,1,0][7,70,1,0,1.0,1,0][3,30,2,0,2.0,1,0][7,70,3,0,3.0,1,0][3,30,4,0,4.0,1,0][7,70,5,0,5.0,1,0][3,30,6,0,6.0,1,0]
[4,40,0,1,0.2,1,0][5,50,1,1,1.2,1,0][4,40,2,1,2.2,1,0][5,50,3,1,3.2,1,0][4,40,4,1,4.2,1,0][5,50,5,1,5.2,1,0][4,40,6,1,6.2,1,0]
[5,50,0,2,0.4,1,0][4,40,1,2,1.4,1,0][5,50,2,2,2.4,1,0][4,40,3,2,3.4,1,0][5,50,4,2,4.4,1,0][4,40,5,2,5.4,1,0][5,50,6,2,6.4,1,0]
[7,70,0,3,0.6,1,0][3,30,1,3,1.6,1,0][7,70,2,3,2.6,1,0][3,30,3,3,3.6,1,0][7,70,4,3,4.6,1,0][3,30,5,3,5.6,1,0][7,70,6,3,6.6,1,0]
[11,70,0,4,0.8,1,0][11,70,1,4,1.8,1,0][11,70,2,4,2.8,1,0][11,70,3,4,3.8,1,0][11,70,4,4,4.8,1,0][11,70,5,4,5.8,1,0][11,70,6,4,6.8,1,0]
;
boss=4