tile=Wave9
start=5,1
time=2
type=1
speed=8
distance=1
save=[0,-3.6]
path=roll,roll2
bonus=1,2,1,2,3,4,5
#Wave 1
# Sap xep theo cot
#*0000000*
#*1111111*
#*0000000*
#*1111111*
#*0110110*
[4,4,0,0,0.0,1,1][5,6,1,0,1.0,1,1][4,4,2,0,2.0,1,1][5,6,3,0,3.0,1,1][4,4,4,0,4.0,1,0][5,6,5,0,5.0,1,0][4,4,6,0,6.0,1,0]
[5,6,0,1,0.2,1,1][4,4,1,1,1.2,1,1][5,6,2,1,2.2,1,1][4,4,3,1,3.2,1,1][5,6,4,1,4.2,1,0][4,4,5,1,5.2,1,0][5,6,6,1,6.2,1,0]
[4,4,0,2,0.4,1,1][5,6,1,2,1.4,1,1][4,4,2,2,2.4,1,1][5,6,3,2,3.4,1,0][4,4,4,2,4.4,1,0][5,6,5,2,5.4,1,0][4,4,6,2,6.4,1,0]
[5,6,0,3,0.6,1,1][4,4,1,3,1.6,1,1][5,6,2,3,2.6,1,1][4,4,3,3,3.6,1,0][5,6,4,3,4.6,1,0][4,4,5,3,5.6,1,0][5,6,6,3,6.6,1,0]
[4,4,0,4,0.8,1,1][5,6,1,4,1.8,1,1][4,4,2,4,2.8,1,1][5,6,3,4,3.8,1,0][4,4,4,4,4.8,1,0][5,6,5,4,5.8,1,0][4,4,6,4,6.8,1,0]
;
tile=Wave9
start=5,1
time=2
type=1
speed=8
distance=1
save=[0,-3.6]
path=straight1,straight2
bonus=1,1,1,2,3,4,5,6
#Wave 2
# Sap xep theo cot
#*0000000*
#*1111111*
#*0000000*
#*1111111*
#*0110110*
[4,6,0,0,0.0,1,1][5,8,1,0,1.0,1,1][4,6,2,0,2.0,1,1][5,8,3,0,3.0,1,1][4,6,4,0,4.0,1,0][5,8,5,0,5.0,1,0][4,6,6,0,6.0,1,0]
[5,8,0,1,0.2,1,1][4,6,1,1,1.2,1,1][5,8,2,1,2.2,1,1][4,6,3,1,3.2,1,1][5,8,4,1,4.2,1,0][4,6,5,1,5.2,1,0][5,8,6,1,6.2,1,0]
[4,6,0,2,0.4,1,1][5,8,1,2,1.4,1,1][4,6,2,2,2.4,1,1][5,8,3,2,3.4,1,0][4,6,4,2,4.4,1,0][5,8,5,2,5.4,1,0][4,6,6,2,6.4,1,0]
[5,8,0,3,0.6,1,1][4,6,1,3,1.6,1,1][5,8,2,3,2.6,1,1][4,6,3,3,3.6,1,0][5,8,4,3,4.6,1,0][4,6,5,3,5.6,1,0][5,8,6,3,6.6,1,0]
[4,6,0,4,0.8,1,1][5,8,1,4,1.8,1,1][4,6,2,4,2.8,1,1][5,8,3,4,3.8,1,0][4,6,4,4,4.8,1,0][5,8,5,4,5.8,1,0][4,6,6,4,6.8,1,0]
;
tile=Wave9
start=5,1
time=2
type=1
speed=8
distance=1
save=[0,-3.6]
path=arrow1,arrow2
bonus=1,1,1,2,3,4,5,6,7
#Wave 3
# Sap xep theo cot
#*0000000*
#*1111111*
#*0000000*
#*1111111*
#*0110110*
[4,6,0,0,0.0,1,1][5,8,1,0,1.0,1,1][4,6,2,0,2.0,1,1][5,8,3,0,3.0,1,1][4,6,4,0,4.0,1,0][5,8,5,0,5.0,1,0][4,6,6,0,6.0,1,0]
[5,8,0,1,0.2,1,1][4,6,1,1,1.2,1,1][5,8,2,1,2.2,1,1][4,6,3,1,3.2,1,1][5,8,4,1,4.2,1,0][4,6,5,1,5.2,1,0][5,8,6,1,6.2,1,0]
[4,6,0,2,0.4,1,1][5,8,1,2,1.4,1,1][4,6,2,2,2.4,1,1][5,8,3,2,3.4,1,0][4,6,4,2,4.4,1,0][5,8,5,2,5.4,1,0][4,6,6,2,6.4,1,0]
[5,8,0,3,0.6,1,1][4,6,1,3,1.6,1,1][5,8,2,3,2.6,1,1][4,6,3,3,3.6,1,0][5,8,4,3,4.6,1,0][4,6,5,3,5.6,1,0][5,8,6,3,6.6,1,0]
[4,6,0,4,0.8,1,1][5,8,1,4,1.8,1,1][4,6,2,4,2.8,1,1][5,8,3,4,3.8,1,0][4,6,4,4,4.8,1,0][5,8,5,4,5.8,1,0][4,6,6,4,6.8,1,0]
;
tile=Wave9
start=5,1
time=2
type=1
speed=8
distance=1
save=[0,-3.6]
path=bottom_1,bottom_2
bonus=1,1,1,2,3,4,5,6,7
#Wave 4
# Sap xep theo cot
#*0000000*
#*1111111*
#*0000000*
#*1111111*
#*0110110*
[4,6,0,0,0.0,1,1][5,10,1,0,1.0,1,1][4,6,2,0,2.0,1,1][5,10,3,0,3.0,1,1][4,6,4,0,4.0,1,0][5,10,5,0,5.0,1,0][4,6,6,0,6.0,1,0]
[5,10,0,1,0.2,1,1][4,6,1,1,1.2,1,1][5,10,2,1,2.2,1,1][4,6,3,1,3.2,1,1][5,10,4,1,4.2,1,0][4,6,5,1,5.2,1,0][5,10,6,1,6.2,1,0]
[4,6,0,2,0.4,1,1][5,10,1,2,1.4,1,1][4,6,2,2,2.4,1,1][5,10,3,2,3.4,1,0][4,6,4,2,4.4,1,0][5,10,5,2,5.4,1,0][4,6,6,2,6.4,1,0]
[5,10,0,3,0.6,1,1][4,6,1,3,1.6,1,1][5,10,2,3,2.6,1,1][4,6,3,3,3.6,1,0][5,10,4,3,4.6,1,0][4,6,5,3,5.6,1,0][5,10,6,3,6.6,1,0]
[4,6,0,4,0.8,1,1][5,10,1,4,1.8,1,1][4,6,2,4,2.8,1,1][5,10,3,4,3.8,1,0][4,6,4,4,4.8,1,0][5,10,5,4,5.8,1,0][4,6,6,4,6.8,1,0]
;
tile=Enemy Heart!
start=5,1
time=1
speed=7
type=1
bonus=1,2,1,3
#Wave 5
#__0123456_
#0**00*00**
#1*0220220*
#2*0222220*
#3**02220**
#4***020***
#5****0****
[7,15,1,0,0,1,-1][7,15,2,0,0,1,-1][7,15,4,0,0,1,1][7,15,5,0,0,1,1]
[7,15,0,1,0,1,-1][1,6,1,1,0,1,-1][1,6,2,1,0,1,-1][7,15,3,1,0,1,-1][1,6,4,1,0,1,1][1,6,5,1,0,1,1][7,15,6,1,0,1,1]
[7,15,0,2,0,1,-1][1,6,1,2,0,1,-1][1,6,2,2,0,1,-1][1,6,3,2,0,1,1][1,6,4,2,0,1,1][1,6,5,2,0,1,1][7,15,6,2,0,1,1]
[7,15,1,3,0,1,-1][1,6,2,3,0,1,-1][1,6,3,3,0,1,-1][1,6,4,3,0,1,1][7,15,5,3,0,1,1]
[7,15,2,4,0,1,-1][1,6,3,4,0,1, 1][7,15,4,4,0,1, 1]
[1,6,3,5,0,1,-1]
;
tile=Enemy Heart!
start=5,1
time=1
speed=7
type=1
bonus=1,1,1,2,3,4,5,6,7
#Wave 6
#__0123456_
#0**00*00**
#1*0220220*
#2*0222220*
#3**02220**
#4***020***
#5****0****
[8,20,1,0,0,1,-1][8,20,2,0,0,1,-1][8,20,4,0,0,1,1][8,20,5,0,0,1,1]
[8,20,0,1,0,1,-1][2,10,1,1,0,1,-1][2,10,2,1,0,1,-1][8,20,3,1,0,1,-1][2,10,4,1,0,1,1][2,10,5,1,0,1,1][8,20,6,1,0,1,1]
[8,20,0,2,0,1,-1][2,10,1,2,0,1,-1][2,10,2,2,0,1,-1][2,10,3,2,0,1,1][2,10,4,2,0,1,1][2,10,5,2,0,1,1][8,20,6,2,0,1,1]
[8,20,1,3,0,1,-1][2,10,2,3,0,1,-1][2,10,3,3,0,1,-1][2,10,4,3,0,1,1][8,20,5,3,0,1,1]
[8,20,2,4,0,1,-1][2,10,3,4,0,1, 1][8,20,4,4,0,1, 1]
[2,10,3,5,0,1,-1]
;
tile=Enemy down!
start=5,1
speed=8
distance=1
time=0.5
type=1
bonus=1,1,1,2,3,4,5,6,7
#Wave 7
[9,21,0,0,0.0,1,0][9,21,1,0,1.0,1,0][9,21,2,0,2.0,1,0][9,21,3,0,3.0,1,0][9,21,4,0,4.0,1,0][9,21,5,0,5.0,1,0][9,21,6,0,6.0,1,0]
[7,17,0,1,0.2,1,0][7,17,2,1,2.2,1,0][7,17,4,1,4.2,1,0][7,17,6,1,6.2,1,0]
[2,9,0,2,0.4,1,0][2,9,1,2,1.4,1,0][2,9,2,2,2.4,1,0][2,9,3,2,3.4,1,0][2,9,4,2,4.4,1,0][2,9,5,2,5.4,1,0][2,9,6,2,6.4,1,0]
[7,17,1,3,1.6,1,0][7,17,3,3,3.6,1,0][7,17,5,3,5.6,1,0]
[0,7,0,4,0.8,1,0][0,7,1,4,1.8,1,0][0,7,2,4,2.8,1,0][0,7,3,4,3.8,1,0][0,7,4,4,4.8,1,0][0,7,5,4,5.8,1,0][0,7,6,4,6.8,1,0]
;
tile=Enemy down!
start=5,1
speed=8
distance=1
time=0.5
type=1
bonus=1,1,1,2
#Wave 8
[8,25,0,0,0.0,1,0][8,25,1,0,1.0,1,0][8,25,2,0,2.0,1,0][8,25,3,0,3.0,1,0][8,25,4,0,4.0,1,0][8,25,5,0,5.0,1,0][8,25,6,0,6.0,1,0]
[7,20,0,1,0.2,1,0][7,20,2,1,2.2,1,0][7,20,4,1,4.2,1,0][7,20,6,1,6.2,1,0]
[2,9,0,2,0.4,1,0][2,9,1,2,1.4,1,0][2,9,2,2,2.4,1,0][2,9,3,2,3.4,1,0][2,9,4,2,4.4,1,0][2,9,5,2,5.4,1,0][2,9,6,2,6.4,1,0]
[7,20,1,3,1.6,1,0][7,20,3,3,3.6,1,0][7,20,5,3,5.6,1,0]
[0,7,0,4,0.8,1,0][0,7,1,4,1.8,1,0][0,7,2,4,2.8,1,0][0,7,3,4,3.8,1,0][0,7,4,4,4.8,1,0][0,7,5,4,5.8,1,0][0,7,6,4,6.8,1,0]
;
tile=Enemy Run!
start=5,1
time=1
type=1
speed=4
distance=1.1
bonus=1,1,1,2,3,4,5,6,7
#Wave 9
# Sap xep theo cot
#*4010104*
#*1142411*
#*1011101*
#*3333333*
#*0110110*
[8,30,0,0,0,1,0][1,15,1,0,0,1,0][8,30,2,0,0,1,0][1,15,3,0,0,1,0][8,30,4,0,0,1,0][1,15,5,0,0,1,0][8,30,6,0,0,1,0]
[8,30,0,1,0,1,1][8,30,2,1,0,1,1][8,30,4,1,0,1,1][8,30,6,1,0,1,1]
[8,30,0,2,2,1,0][16,15,1,2,2,1,0][5,22,2,2,2,1,0][16,15,3,2,2,1,0][8,30,4,2,2,1,0][16,15,5,2,2,1,0][8,30,6,2,2,1,0]
[11,22,0,3,2,1,1][11,22,2,3,2,1,1][11,22,4,3,2,1,1][11,22,6,3,2,1,1]
[11,40,0,4,1,1,0][11,40,1,4,1,1,0]11,40,2,4,1,1,0][11,40,3,4,1,1,0][11,40,4,4,0,1,0][11,40,5,4,0,1,0][11,40,6,4,0,1,0]
;
tile=Enemy Run!
start=5,1
time=2
type=1
speed=6
distance=1.1
save=[0,-3.6]
bonus=1,1,1,2,3,4,5,6,7,0
#Wave 10
# Sap xep theo cot
#*0000000*
#*1111111*
#*0000000*
#*1111111*
#*0110110*
[4,18,0,0,0.0,1,1][2,15,1,0,1.0,1,1][4,18,2,0,2.0,1,1][2,15,3,0,3.0,1,1][4,18,4,0,0.6,1,0][2,15,5,0,1.6,1,0][4,18,6,0,2.6,1,0]
[16,30,1,1,1.2,1,1][2,15,2,1,2.2,1,1][16,30,3,1,3.2,1,1][2,15,4,1,0.8,1,0][16,30,5,1,1.8,1,0]
[4,18,0,2,0.4,1,1][2,15,1,2,1.4,1,1][4,18,2,2,2.4,1,1][2,15,3,2,0.0,1,0][4,18,4,2,1.0,1,0][2,15,5,2,2.0,1,0][4,18,6,2,3.0,1,0]
[16,30,1,3,1.6,1,1][2,15,2,3,2.6,1,1][16,30,3,3,0.2,1,0][2,15,4,3,1.2,1,0][16,30,5,3,2.2,1,0]
[11,40,0,4,0.8,1,1][11,40,1,4,1.8,1,1][11,40,2,4,2.8,1,1][11,40,3,4,0.4,1,0][11,40,4,4,1.4,1,0][11,40,5,4,2.4,1,0][11,40,6,4,3.4,1,0]
;
tile=Enemy Run!
start=5,1
time=2
type=1
speed=6
distance=1.0
save=[0,-3.6]
bonus=0,2,1,4
#Wave 11
# Sap xep theo cot
#*0000000*
#*1111111*
#*0000000*
#*1111111*
#*0110110*
[4,18,0,0,0.0,1,1][2,15,1,0,1.0,1,1][4,18,2,0,2.0,1,1][2,15,3,0,3.0,1,1][4,18,4,0,0.6,1,0][2,15,5,0,1.6,1,0][4,18,6,0,2.6,1,0]
[6,30,1,1,1.2,1,1][2,15,2,1,2.2,1,1][6,30,3,1,3.2,1,1][2,15,4,1,0.8,1,0][6,30,5,1,1.8,1,0]
[4,18,0,2,0.4,1,1][2,15,1,2,1.4,1,1][4,18,2,2,2.4,1,1][2,15,3,2,0.0,1,0][4,18,4,2,1.0,1,0][2,15,5,2,2.0,1,0][4,18,6,2,3.0,1,0]
[6,30,1,3,1.6,1,1][2,15,2,3,2.6,1,1][6,30,3,3,0.2,1,0][2,15,4,3,1.2,1,0][6,30,5,3,2.2,1,0]
[11,40,0,4,0.8,1,1][11,40,1,4,1.8,1,1][11,40,2,4,2.8,1,1][11,40,3,4,0.4,1,0][11,40,4,4,1.4,1,0][11,40,5,4,2.4,1,0][11,40,6,4,3.4,1,0]
;
tile=Enemy Space!
start=5,1
time=1
speed=6
type=1
distance=1.0
bonus=0,1,1,2,3,4,5,6,7
#Wave 12
#0*0123456*
#1*0123456*
#2*0123456*
#3*0123456*
[6,25,1,1,0,1,1][6,25,6,1,3,1,0]
[6,25,3,2,6,1,0][6,25,4,2,9,1,1]
[6,25,1,3,12,1,1][6,25,6,3,15,1,0]
[6,25,3,4,18,1,0][6,25,4,4,21,1,1]
[11,45,1,5,1,1,0][11,45,2,5,1,1,0][11,45,3,5,1,1,0][11,45,4,5,0,1,0][11,45,5,5,0,1,0][11,45,6,5,0,1,0]
;
tile=Meteorite!
distance=1
start=0,-1
time=1
type=2
thienthach=1
speed=1
bonus=1,2,1,2,3,4,5,6,7
#Wave 13
# 2 khong sap xep theo hang cot
#*1*3*4*5*
#**2*4*6**
#*1011101*
#*3333333*
#*0110110*
[3,2,0,0,1.0,1,0][0,1,1,0,1.0,1,0][2,6,3,0,4.0,1,0][0,6,3,0,3.3,1,1][0,2,5,0,1.6,1,1][3,6,6,0,2.6,1,1]
[0,1,0,1,1.2,1,0][2,25,1,1,2.2,1,0][1,20,2,1,2.2,1,0][3,50,2,1,1.4,1,1][1,1,5,1,1.8,1,1][1,5,6,1,2.8,1,1]
[2,3,0,2,1.4,1,0][1,3,2,2,3.0,1,0][2,3,2,2,2.4,1,0][0,5,1,2,1.9,1,1][1,5,4,2,1.0,1,1][3,30,5,2,2.0,1,1]
[0,1,0,3,1.6,1,0][3,3,1,3,2.6,1,0][3,1,2,3,2.6,1,0][3,5,1,3,5.2,1,1][0,20,4,3,1.2,1,1][1,15,5,3,2.2,1,1][1,5,6,3,3.3,1,1]
[3,20,0,4,2.2,1,0][2,50,2,4,2.8,1,0][1,3,2,4,1.2,1,0][0,5,3,4,5.4,1,1][1,5,4,4,0.2,1,1][3,7,5,4,2.4,1,1][3,50,6,4,3.4,1,1]
[3,3,0,5,2.3,1,0][2,15,2,5,2.8,1,0][1,3,2,5,1.2,1,0][0,5,1,3,5.4,1,1][1,5,4,5,0.2,1,1][3,7,5,5,2.4,1,1][3,6,6,5,3.4,1,1]
[2,30,0,6,1.4,1,0][2,30,2,6,2.4,1,0][0,30,3,6,1.9,1,1][1,5,4,6,1.0,1,1][3,1,5,6,2.0,1,1][1,30,6,6,3.0,1,1]
[3,3,1,7,3.0,1,0][1,30,2,7,2.4,1,0][0,30,3,7,1.9,1,1][1,5,4,7,1.0,1,1][2,1,5,7,2.0,1,1][3,30,6,7,3.0,1,1]
[3,3,0,7,1.4,1,0][2,30,2,7,2.4,1,0][0,30,3,7,1.9,1,1][2,1,5,7,4.0,1,1][0,30,6,7,3.0,1,1]
;
tile=Iron Enemy!
start=5,1

time=1
speed=7
type=1
bonus=0,1,1,2,3,4,5,6,7
attack=true
#Wave 14
#0*0123456*
#1*0123456*
#2*0123456*
#3*0123456*
[7,45,3,0,1,1,1]
[7,45,1,1,1,1,1][7,45,5,1,1,1,0]
[7,45,3,2,1,1,1]
[7,45,1,3,1,1,1][7,45,5,3,1,1,0]
[7,45,3,4,1,1,1]
;
tile=Meteorite!
distance=1
start=0,-1
time=1
type=2
thienthach=1
speed=1
bonus=0,1,1,2,3,4,5,6,7
#Wave 15
# 2 khong sap xep theo hang cot
#*1*3*4*5*
#**2*4*6**
#*1011101*
#*3333333*
#*0110110*
[3,2,0,0,1.0,1,0][0,1,1,0,1.0,1,0][2,50,2,0,2.0,1,0][2,6,3,0,4.0,1,0][0,6,3,0,3.3,1,1][0,2,5,0,1.6,1,1][3,6,6,0,2.6,1,1]
[0,1,0,1,1.2,1,0][2,25,1,1,2.2,1,0][1,20,2,1,2.2,1,0][2,5,3,1,4.2,1,0][3,50,2,1,1.4,1,1][1,1,5,1,1.8,1,1][1,5,6,1,2.8,1,1]
[2,3,0,2,1.4,1,0][1,3,2,2,3.0,1,0][2,3,2,2,2.4,1,0][0,5,1,2,1.9,1,1][1,5,4,2,1.0,1,1][3,30,5,2,2.0,1,1][1,5,6,2,3.0,1,1]
[0,1,0,3,1.6,1,0][3,3,1,3,2.6,1,0][3,1,2,3,2.6,1,0][3,5,1,3,5.2,1,1][0,20,4,3,1.2,1,1][1,15,5,3,2.2,1,1][1,5,6,3,3.3,1,1]
[3,20,0,4,2.2,1,0][2,50,2,4,2.8,1,0][1,3,2,4,1.2,1,0][0,5,3,4,5.4,1,1][1,5,4,4,0.2,1,1][3,7,5,4,2.4,1,1][3,50,6,4,3.4,1,1]
[3,3,0,5,2.3,1,0][2,15,2,5,2.8,1,0][1,3,2,5,1.2,1,0][0,5,1,3,5.4,1,1][1,5,4,5,0.2,1,1][3,7,5,5,2.4,1,1][3,6,6,5,3.4,1,1]
[2,3,0,6,1.4,1,0][1,3,1,6,3.0,1,0][2,30,2,6,2.4,1,0][0,30,3,6,1.9,1,1][1,5,4,6,1.0,1,1][3,1,5,6,2.0,1,1][1,30,6,6,3.0,1,1]
[1,3,0,7,1.4,1,0][3,3,1,7,3.0,1,0][1,30,2,7,2.4,1,0][0,30,3,7,1.9,1,1][1,5,4,7,1.0,1,1][2,1,5,7,2.0,1,1][3,30,6,7,3.0,1,1]
[3,3,0,7,1.4,1,0][2,30,2,7,2.4,1,0][0,30,3,7,1.9,1,1][2,1,5,7,4.0,1,1][0,30,6,7,3.0,1,1]
;
tile=Iron Enemy!
start=5,1

time=1
speed=7
type=1
bonus=1,1,1,2,3,4,5,6,7
attack=true
#Wave 16
#0*0123456*
#1*0123456*
#2*0123456*
#3*0123456*
[9,50,3,0,1,1,1]
[9,50,1,1,1,1,1][9,50,5,1,1,1,0]
[9,50,3,2,1,1,1]
[9,50,1,3,1,1,1][9,50,5,3,1,1,0]
[9,50,3,4,1,1,1]
;