#[0] Type
#[1] Health
#[2] dx
#[3] dy
#[4] Delay 
#[5] Speed
#[6] Arrow
#__________
tile=Wave1
start=5,1
time=2
type=1
speed=8
distance=1
path=ribon
save=[0,-3.6]
bonus=1,1,3
#Wave 1
# Sap xep theo cot
#*0000000*
#*1111111*
#*0000000*
#*1111111*
#*0110110*
[0,8,0,0,0.0,1,1][8,12,1,0,1.0,1,1][0,8,2,0,2.0,1,1][8,12,3,0,3.0,1,1][0,8,4,0,4.0,1,1][8,12,5,0,5.0,1,1][0,8,6,0,6.0,1,1]
[8,12,0,1,0.2,1,1][0,8,1,1,1.2,1,1][8,12,2,1,2.2,1,1][0,8,3,1,3.2,1,1][8,12,4,1,4.2,1,1][0,8,5,1,5.2,1,1][8,12,6,1,6.2,1,1]
[0,8,0,2,0.4,1,1][8,12,1,2,1.4,1,1][0,8,2,2,2.4,1,1][8,12,3,2,3.4,1,1][0,8,4,2,4.4,1,1][8,12,5,2,5.4,1,1][0,8,6,2,6.4,1,1]
[8,12,0,3,0.6,1,1][0,8,1,3,1.6,1,1][8,12,2,3,2.6,1,1][0,8,3,3,3.6,1,1][8,12,4,3,4.6,1,1][0,8,5,3,5.6,1,1][8,12,6,3,6.6,1,1]
[0,8,0,4,0.8,1,1][8,12,1,4,1.8,1,1][0,8,2,4,2.8,1,1][8,12,3,4,3.8,1,1][0,8,4,4,4.8,1,1][8,5,5,4,5.8,1,1][0,8,6,4,6.8,1,1]
;
tile=Wave2
start=5,1
time=2
type=1
speed=8
distance=1
path=ribon2
save=[0,-3.6]
bonus=1,1,1,2
#Wave 2
# Sap xep theo cot
#*0000000*
#*1111111*
#*0000000*
#*1111111*
#*0110110*
[0,8,0,0,0.0,1,1][8,12,1,0,1.0,1,1][0,8,2,0,2.0,1,1][8,12,3,0,3.0,1,1][0,8,4,0,4.0,1,1][8,12,5,0,5.0,1,1][0,8,6,0,6.0,1,1]
[8,12,0,1,0.2,1,1][0,8,1,1,1.2,1,1][8,12,2,1,2.2,1,1][0,8,3,1,3.2,1,1][8,12,4,1,4.2,1,1][0,8,5,1,5.2,1,1][8,12,6,1,6.2,1,1]
[0,8,0,2,0.4,1,1][8,12,1,2,1.4,1,1][0,8,2,2,2.4,1,1][8,12,3,2,3.4,1,1][0,8,4,2,4.4,1,1][8,12,5,2,5.4,1,1][0,8,6,2,6.4,1,1]
[8,12,0,3,0.6,1,1][0,8,1,3,1.6,1,1][8,12,2,3,2.6,1,1][0,8,3,3,3.6,1,1][8,12,4,3,4.6,1,1][0,8,5,3,5.6,1,1][8,12,6,3,6.6,1,1]
[0,8,0,4,0.8,1,1][8,12,1,4,1.8,1,1][0,8,2,4,2.8,1,1][8,12,3,4,3.8,1,1][0,8,4,4,4.8,1,1][8,5,5,4,5.8,1,1][0,8,6,4,6.8,1,1]
;
tile=Wave3
start=5,1
time=2
type=1
speed=8
distance=1
path=turn1,turn2
save=[0,-3.6]
bonus=1,1,6
#Wave 2
# Sap xep theo cot
#*0000000*
#*1111111*
#*0000000*
#*1111111*
#*0110110*
[2,10,0,0,0.0,1,1][3,15,1,0,1.0,1,1][2,10,2,0,2.0,1,1][3,15,3,0,3.0,1,1][2,10,4,0,0.6,1,0][3,15,5,0,1.6,1,0][2,10,6,0,2.6,1,0]
[3,15,0,1,0.2,1,1][2,10,1,1,1.2,1,1][3,15,2,1,2.2,1,1][2,10,3,1,3.2,1,1][3,15,4,1,0.8,1,0][2,10,5,1,1.8,1,0][3,15,6,1,2.8,1,0]
[2,10,0,2,0.4,1,1][3,15,1,2,1.4,1,1][2,10,2,2,2.4,1,1][3,15,3,2,0.0,1,0][2,10,4,2,1.0,1,0][3,15,5,2,2.0,1,0][2,10,6,2,3.0,1,0]
[3,15,0,3,0.6,1,1][2,10,1,3,1.6,1,1][3,15,2,3,2.6,1,1][2,10,3,3,0.2,1,0][3,15,4,3,1.2,1,0][2,10,5,3,2.2,1,0][3,15,6,3,3.2,1,0]
[2,10,0,4,0.8,1,1][3,15,1,4,1.8,1,1][2,10,2,4,2.8,1,1][3,15,3,4,0.4,1,0][2,10,4,4,1.4,1,0][3,15,5,4,2.4,1,0][2,10,6,4,3.4,1,0]
;
tile=Wave4
start=5,1
time=2
type=1
speed=8
distance=1
save=[0,-3.6]
path=storm
bonus=1,2,5,6
#Wave 4
# Sap xep theo cot
#*0000000*
#*1111111*
#*0000000*
#*1111111*
#*0110110*
[4,18,0,0,0.0,1,1][2,15,1,0,1.0,1,1][4,18,2,0,2.0,1,1][2,15,3,0,3.0,1,1][4,18,4,0,4.0,1,1][2,15,5,0,5.0,1,1][4,18,6,0,6.0,1,1]
[2,15,0,1,0.2,1,1][7,25,1,1,1.2,1,1][2,15,2,1,2.2,1,1][7,25,3,1,3.2,1,1][2,15,4,1,4.2,1,1][7,25,5,1,5.2,1,1][2,15,6,1,6.2,1,1]
[4,18,0,2,0.4,1,1][2,15,1,2,1.4,1,1][4,18,2,2,2.4,1,1][2,15,3,2,3.4,1,1][4,18,4,2,4.4,1,1][2,15,5,2,5.4,1,1][4,18,6,2,6.4,1,1]
[2,15,0,3,0.6,1,1][7,25,1,3,1.6,1,1][2,15,2,3,2.6,1,1][7,25,3,3,3.6,1,1][2,15,4,3,4.6,1,1][7,25,5,3,5.6,1,1][2,15,6,3,6.6,1,1]
[4,18,0,4,0.8,1,1][2,15,1,4,1.8,1,1][4,18,2,4,2.8,1,1][2,15,3,4,3.8,1,1][4,18,4,4,4.8,1,1][2,15,5,4,5.8,1,1][4,18,6,4,6.8,1,1]
;
tile=Wave5
start=5,1
time=2
type=1
speed=8
distance=1
save=[0,-3.6]
path=mzig2
bonus=1,1,3
#Wave 5
# Sap xep theo cot
#*0000000*
#*1111111*
#*0000000*
#*1111111*
#*0110110*
[1,17,0,0,0.0,1,0][4,30,1,0,1.0,1,0][1,17,2,0,2.0,1,0][4,30,3,0,3.0,1,0][1,17,4,0,4.0,1,0][4,30,5,0,5.0,1,0][1,17,6,0,6.0,1,0]
[2,10,0,1,0.2,1,0][3,25,1,1,1.2,1,0][2,10,2,1,2.2,1,0][3,25,3,1,3.2,1,0][2,10,4,1,4.2,1,0][3,25,5,1,5.2,1,0][2,10,6,1,6.2,1,0]
[3,25,0,2,0.4,1,0][2,10,1,2,1.4,1,0][3,25,2,2,2.4,1,0][2,10,3,2,3.4,1,0][3,25,4,2,4.4,1,0][2,10,5,2,5.4,1,0][3,25,6,2,6.4,1,0]
[4,30,0,3,0.6,1,0][1,15,1,3,1.6,1,0][4,30,2,3,2.6,1,0][1,15,3,3,3.6,1,0][4,30,4,3,4.6,1,0][1,15,5,3,5.6,1,0][4,30,6,3,6.6,1,0]
[0,5,0,4,0.8,1,0][0,5,1,4,1.8,1,0][0,5,2,4,2.8,1,0][0,5,3,4,3.8,1,0][0,5,4,4,4.8,1,0][0,5,5,4,5.8,1,0][0,5,6,4,6.8,1,0]
;
tile=Wave6
start=5,1
time=2
type=1
speed=8
distance=1
save=[0,-3.6]
path=roll
bonus=1,2,5
#Wave 6
# Sap xep theo cot
#*0000000*
#*1111111*
#*0000000*
#*1111111*
#*0110110*
[1,20,0,0,0.0,1,1][2,25,1,0,1.0,1,1][1,6,2,0,2.0,1,1][2,8,3,0,3.0,1,1][1,6,4,0,4.0,1,1][2,25,5,0,5.0,1,1][1,20,6,0,6.0,1,1]
[2,25,0,1,0.2,1,1][8,20,1,1,1.2,1,1][2,25,2,1,2.2,1,1][8,20,3,1,3.2,1,1][2,8,4,1,4.2,1,1][8,20,5,1,5.2,1,1][2,25,6,1,6.2,1,1]
[1,20,0,2,0.4,1,1][2,25,1,2,1.4,1,1][1,6,2,2,2.4,1,1][2,8,3,2,3.4,1,1][1,6,4,2,4.4,1,1][2,25,5,2,5.4,1,1][1,20,6,2,6.4,1,1]
[2,25,0,3,0.6,1,1][8,20,1,3,1.6,1,1][2,25,2,3,2.6,1,1][8,20,3,3,3.6,1,1][2,8,4,3,4.6,1,0][8,20,5,3,5.6,1,1][2,25,6,3,6.6,1,1]
[1,20,0,4,0.8,1,1][2,25,1,4,1.8,1,1][1,6,2,4,2.8,1,1][2,8,3,4,3.8,1,1][1,6,4,4,4.8,1,1][2,25,5,4,5.8,1,1][1,20,6,4,6.8,1,1]
;
tile=Wave7
start=5,1
time=2
type=1
speed=8
distance=1
save=[0,-3.6]
path=roll2
bonus=0,2,1,4
#Wave 7
# Sap xep theo cot
#*0000000*
#*1111111*
#*0000000*
#*1111111*
#*0110110*
[1,20,0,0,0.0,1,1][2,25,1,0,1.0,1,1][1,6,2,0,2.0,1,1][2,8,3,0,3.0,1,1][1,6,4,0,4.0,1,1][2,25,5,0,5.0,1,1][1,20,6,0,6.0,1,1]
[2,25,0,1,0.2,1,1][8,20,1,1,1.2,1,1][2,25,2,1,2.2,1,1][8,20,3,1,3.2,1,1][2,8,4,1,4.2,1,1][8,20,5,1,5.2,1,1][2,25,6,1,6.2,1,1]
[1,20,0,2,0.4,1,1][2,25,1,2,1.4,1,1][1,6,2,2,2.4,1,1][2,8,3,2,3.4,1,1][1,6,4,2,4.4,1,1][2,25,5,2,5.4,1,1][1,20,6,2,6.4,1,1]
[2,25,0,3,0.6,1,1][8,20,1,3,1.6,1,1][2,25,2,3,2.6,1,1][8,20,3,3,3.6,1,1][2,8,4,3,4.6,1,0][8,20,5,3,5.6,1,1][2,25,6,3,6.6,1,1]
[1,20,0,4,0.8,1,1][2,25,1,4,1.8,1,1][1,6,2,4,2.8,1,1][2,8,3,4,3.8,1,1][1,6,4,4,4.8,1,1][2,25,5,4,5.8,1,1][1,20,6,4,6.8,1,1]
;
tile=Wave8
start=5,1
time=2
type=1
speed=8
distance=1
save=[0,-3.6]
path=wdow
#Wave 8
# Sap xep theo cot
#*0000000*
#*1111111*
#*0000000*
#*1111111*
#*0110110*
[2,30,0,0,0.0,1,1][4,35,1,0,1.0,1,1][2,30,2,0,2.0,1,1][4,35,3,0,3.0,1,1][2,30,4,0,4.0,1,0][4,35,5,0,5.0,1,0][2,30,6,0,6.0,1,0]
[4,35,0,1,0.2,1,1][8,20,1,1,1.2,1,1][4,35,2,1,2.2,1,1][8,20,3,1,3.2,1,1][4,35,4,1,4.2,1,0][8,20,5,1,5.2,1,0][4,35,6,1,6.2,1,0]
[2,30,0,2,0.4,1,1][4,35,1,2,1.4,1,1][2,30,2,2,2.4,1,1][4,35,3,2,3.4,1,0][2,30,4,2,4.4,1,0][4,35,5,2,5.4,1,0][2,30,6,2,6.4,1,0]
[4,35,0,3,0.6,1,1][8,20,1,3,1.6,1,1][4,35,2,3,2.6,1,1][8,20,3,3,3.6,1,0][4,35,4,3,4.6,1,0][8,20,5,3,5.6,1,0][4,35,6,3,6.6,1,0]
[2,30,0,4,0.8,1,1][4,35,1,4,1.8,1,1][2,30,2,4,2.8,1,1][4,35,3,4,3.8,1,0][2,30,4,4,4.8,1,0][4,35,5,4,5.8,1,0][2,30,6,4,6.8,1,0]
;
tile=Wave9
start=5,1
time=2
type=1
speed=8
distance=1
save=[0,-3.6]
path=wdow1
#Wave 9
# Sap xep theo cot
#*0000000*
#*1111111*
#*0000000*
#*1111111*
#*0110110*
[2,30,0,0,0.0,1,1][4,35,1,0,1.0,1,1][2,30,2,0,2.0,1,1][4,35,3,0,3.0,1,1][2,30,4,0,4.0,1,0][4,35,5,0,5.0,1,0][2,30,6,0,6.0,1,0]
[4,35,0,1,0.2,1,1][8,20,1,1,1.2,1,1][4,35,2,1,2.2,1,1][8,20,3,1,3.2,1,1][4,35,4,1,4.2,1,0][8,20,5,1,5.2,1,0][4,35,6,1,6.2,1,0]
[2,30,0,2,0.4,1,1][4,35,1,2,1.4,1,1][2,30,2,2,2.4,1,1][4,35,3,2,3.4,1,0][2,30,4,2,4.4,1,0][4,35,5,2,5.4,1,0][2,30,6,2,6.4,1,0]
[4,35,0,3,0.6,1,1][8,20,1,3,1.6,1,1][4,35,2,3,2.6,1,1][8,20,3,3,3.6,1,0][4,35,4,3,4.6,1,0][8,20,5,3,5.6,1,0][4,35,6,3,6.6,1,0]
[2,30,0,4,0.8,1,1][4,35,1,4,1.8,1,1][2,30,2,4,2.8,1,1][4,35,3,4,3.8,1,0][2,30,4,4,4.8,1,0][4,35,5,4,5.8,1,0][2,30,6,4,6.8,1,0]
;
tile=Wave10
start=5,1
time=2
type=1
speed=8
distance=1
save=[0,-3.6]
path=vcut1
#Wave 9
# Sap xep theo cot
#*0000000*
#*1111111*
#*0000000*
#*1111111*
#*0110110*
[2,35,0,0,0.0,1,1][4,40,1,0,1.0,1,1][2,35,2,0,2.0,1,1][4,40,3,0,3.0,1,1][2,35,4,0,4.0,1,1][4,40,5,0,5.0,1,1][2,35,6,0,6.0,1,1]
[4,40,0,1,0.2,1,1][8,20,1,1,1.2,1,1][4,40,2,1,2.2,1,1][8,20,3,1,3.2,1,1][4,40,4,1,4.2,1,1][8,20,5,1,5.2,1,1][4,40,6,1,6.2,1,1]
[2,35,0,2,0.4,1,1][4,40,1,2,1.4,1,1][2,35,2,2,2.4,1,1][4,40,3,2,3.4,1,1][2,35,4,2,4.4,1,1][4,40,5,2,5.4,1,1][2,35,6,2,6.4,1,1]
[4,40,0,3,0.6,1,1][8,20,1,3,1.6,1,1][4,40,2,3,2.6,1,1][8,20,3,3,3.6,1,1][4,35,4,3,4.6,1,1][8,20,5,3,5.6,1,1][4,40,6,3,6.6,1,1]
[2,35,0,4,0.8,1,1][4,40,1,4,1.8,1,1][2,35,2,4,2.8,1,1][4,40,3,4,3.8,1,1][2,35,4,4,4.8,1,1][4,40,5,4,5.8,1,1][2,35,6,4,6.8,1,1]
;
tile=Wave11
start=5,1
time=2
type=1
speed=8
distance=1
save=[0,-3.6]
path=vcut2
#Wave 11
# Sap xep theo cot
#*0000000*
#*1111111*
#*0000000*
#*1111111*
#*0110110*
[2,35,0,0,0.0,1,1][4,40,1,0,1.0,1,1][2,35,2,0,2.0,1,1][4,40,3,0,3.0,1,1][2,35,4,0,4.0,1,1][4,40,5,0,5.0,1,1][2,35,6,0,6.0,1,1]
[4,40,0,1,0.2,1,1][8,20,1,1,1.2,1,1][4,40,2,1,2.2,1,1][8,20,3,1,3.2,1,1][4,40,4,1,4.2,1,1][8,20,5,1,5.2,1,1][4,40,6,1,6.2,1,1]
[2,35,0,2,0.4,1,1][4,40,1,2,1.4,1,1][5,17,2,2,2.4,1,1][4,40,3,2,3.4,1,1][5,17,4,2,4.4,1,1][4,40,5,2,5.4,1,1][2,35,6,2,6.4,1,1]
[4,40,0,3,0.6,1,1][8,20,1,3,1.6,1,1][4,40,2,3,2.6,1,1][8,20,3,3,3.6,1,1][4,35,4,3,4.6,1,1][8,20,5,3,5.6,1,1][4,40,6,3,6.6,1,1]
[2,35,0,4,0.8,1,1][4,40,1,4,1.8,1,1][2,35,2,4,2.8,1,1][4,40,3,4,3.8,1,1][2,20,4,4,4.8,1,1][4,40,5,4,5.8,1,1][2,35,6,4,6.8,1,1]
;
boss=5