#[0] Type
#[1] Health
#[2] dx
#[3] dy
#[4] Delay 
#[5] Speed
#[6] Arrow
#__________
tile=Meteorite!
distance=1
start=0,-1
time=1
type=2
thienthach=1
speed=1
bonus=1,2,3
#Wave 10
# 2 khong sap xep theo hang cot
#*1*3*4*5*
#**2*4*6**
#*1011101*
#*3333333*
#*0110110*
[3,25,0,0,1.0,1,0][0,1,1,0,1.0,1,0][2,50,2,0,2.0,1,0][2,6,3,0,4.0,1,0][0,6,3,0,3.3,1,1][0,2,5,0,1.6,1,1][3,12,6,0,2.6,1,1]
[0,1,0,1,1.2,1,0][2,25,1,1,2.2,1,0][1,20,2,1,2.2,1,0][2,5,3,1,4.2,1,0][3,15,2,1,1.4,1,1][1,1,5,1,1.8,1,1][1,5,6,1,2.8,1,1]
[2,3,0,2,1.4,1,0][1,3,2,2,3.0,1,0][2,3,2,2,2.4,1,0][0,5,1,2,1.9,1,1][1,5,4,2,1.0,1,1][3,22,5,2,2.0,1,1][1,5,6,2,3.0,1,1]
[0,1,0,3,1.6,1,0][3,25,1,3,2.6,1,0][3,25,2,3,2.6,1,0][3,5,1,3,5.2,1,1][0,20,4,3,1.2,1,1][1,15,5,3,2.2,1,1][1,5,6,3,3.3,1,1]
[3,20,0,4,2.2,1,0][2,50,2,4,2.8,1,0][1,3,2,4,1.2,1,0][0,5,3,4,5.4,1,1][1,5,4,4,0.2,1,1][3,7,5,4,2.4,1,1][3,50,6,4,3.4,1,1]
[3,25,0,5,2.3,1,0][2,15,2,5,2.8,1,0][1,3,2,5,1.2,1,0][0,5,1,3,5.4,1,1][1,5,4,5,0.2,1,1][3,7,5,5,2.4,1,1][3,12,6,5,3.4,1,1]
[2,3,0,6,1.4,1,0][1,3,1,6,3.0,1,0][2,5,2,6,2.4,1,0][0,30,3,12,1.9,1,1][1,5,4,6,1.0,1,1][3,1,5,6,2.0,1,1][1,30,6,6,3.0,1,1]
[1,3,0,7,1.4,1,0][3,25,1,7,3.0,1,0][1,3,2,7,2.4,1,0][0,30,3,7,1.9,1,1][1,5,4,7,1.0,1,1][2,1,5,7,2.0,1,1][3,30,6,7,3.0,1,1]
[3,25,0,7,1.4,1,0][2,30,2,7,2.4,1,0][0,30,3,7,1.9,1,1][2,1,5,7,4.0,1,1][0,30,6,7,3.0,1,1]
;
tile=Wave1
start=5,1
time=1
speed=5
type=2
distance=1.1
#Wave 1
#0*0123456*
#1**12345**
#2***234***
#3****3****
#4**1*3*5**
[2,6,0,0,0,1,0][1,5,1,0,0,1,0][1,5,2,0,0,1,0][1,5,3,0,0,1,0][1,5,4,0,0,1,0][1,5,5,0,0,1,1][2,6,6,0,0,1,0]
[2,6,1,1,1,1,1][1,5,2,1,1,1,1][1,5,3,1,1,1,1][1,5,4,1,1,1,1][2,2,5,1,1,1,1]
[2,6,1,2,2,1,0][3,7,3,2,0,1,0][2,6,5,2,2,1,0]
[3,7,1,3,0,1,1][3,7,3,3,0,1,1][3,7,5,3,0,1,1]
[3,7,1,4,0,1,1][3,7,3,4,0,1,1][3,7,5,4,0,1,1]
;
tile=Wave2
distance=1
start=0,3
time=1
type=2
speed=4
#Wave 2
# 2 
#*1*3*4*5*
#**2*4*6**
#*1011101*
#*3333333*
#*0110110*
[1,6,0,0,3,1,1][2,10,1,0,2,1,1][3,12,2,0,1,1,1][3,12,3,0,0,1,0][2,10,4,0,1,1,0][1,6,5,0,2,1,0]
[2,10,0,1,3,1,1][0,5,1,1,2,1,1][0,5,2,1,1,1,1][0,5,3,1,0,1,0][0,5,4,1,1,1,0][0,5,5,1,2,1,0]
[1,6,0,2,3,1,1][3,15,1,2,2,1,1][3,12,2,2,1,1,1][3,15,3,2,0,1,0][3,15,4,2,1,1,0][1,6,5,2,2,1,0]
[2,10,0,3,3,1,1][0,5,1,3,2,1,1][0,5,2,3,1,1,1][0,5,3,3,0,1,0][0,5,4,3,1,1,0][0,5,5,3,2,1,0]
[1,6,0,4,3,1,1][2,10,1,4,2,1,1][3,12,2,4,1,1,1][3,12,3,4,0,1,0][2,10,4,4,1,1,0][1,6,5,4,2,1,0]
;
tile=Wave3
start=5,1
time=2
type=1
speed=8
distance=1
save=[0,-3.6]
bonus=1,1,1,4
#Wave 3
# Sap xep theo cot
#*0000000*
#*1111111*
#*0000000*
#*1111111*
#*0110110*
[4,15,0,0,0.0,1,1][3,12,1,0,1.0,1,1][4,15,2,0,2.0,1,1][3,12,3,0,3.0,1,1][4,15,4,0,4.0,1,1][3,12,5,0,5.0,1,1][4,15,6,0,6.0,1,1]
[3,12,0,1,0.2,1,1][8,15,1,1,1.2,1,1][3,12,2,1,2.2,1,1][8,15,3,1,3.2,1,1][3,12,4,1,4.2,1,1][8,15,5,1,5.2,1,1][3,12,6,1,6.2,1,1]
[4,15,0,2,0.4,1,1][3,12,1,2,1.4,1,1][4,15,2,2,2.4,1,1][3,12,3,2,3.4,1,1][4,15,4,2,4.4,1,1][3,12,5,2,5.4,1,1][4,15,6,2,6.4,1,1]
[3,12,0,3,0.6,1,1][8,15,1,3,1.6,1,1][3,12,2,3,2.6,1,1][8,15,3,3,3.6,1,1][3,12,4,3,4.6,1,1][8,15,5,3,5.6,1,1][3,12,6,3,12.6,1,1]
[4,15,0,4,0.8,1,1][3,12,1,4,1.8,1,1][4,15,2,4,2.8,1,1][3,12,3,4,3.8,1,1][4,15,4,4,4.8,1,1][3,30,5,4,5.8,1,1][4,15,6,4,6.8,1,1]
;
tile=Wave4
start=5,1
time=2
type=1
speed=8
distance=1
path=square
save=[0,-3.6]
#Wave 4
# Sap xep theo cot
#*0000000*
#*1111111*
#*0000000*
#*1111111*
#*0110110*
[4,15,0,0,0.0,1,1][3,12,1,0,1.0,1,1][4,15,2,0,2.0,1,1][3,12,3,0,3.0,1,1][4,15,4,0,4.0,1,1][3,12,5,0,5.0,1,1][4,15,6,0,6.0,1,1]
[3,12,0,1,0.2,1,1][8,15,1,1,1.2,1,1][3,12,2,1,2.2,1,1][8,15,3,1,3.2,1,1][3,12,4,1,4.2,1,1][8,15,5,1,5.2,1,1][3,12,6,1,6.2,1,1]
[4,15,0,2,0.4,1,1][3,12,1,2,1.4,1,1][4,15,2,2,2.4,1,1][3,12,3,2,3.4,1,1][4,15,4,2,4.4,1,1][3,12,5,2,5.4,1,1][4,15,6,2,6.4,1,1]
[3,12,0,3,0.6,1,1][8,15,1,3,1.6,1,1][3,12,2,3,2.6,1,1][8,15,3,3,3.6,1,1][3,12,4,3,4.6,1,1][8,15,5,3,5.6,1,1][3,12,6,3,12.6,1,1]
[4,15,0,4,0.8,1,1][3,12,1,4,1.8,1,1][4,15,2,4,2.8,1,1][3,12,3,4,3.8,1,1][4,15,4,4,4.8,1,1][3,30,5,4,5.8,1,1][4,15,6,4,6.8,1,1]
;
tile=Wave5
start=5,1
time=2
type=1
speed=8
distance=1
path=square
save=[0,-3.6]
bonus=1,1,5,4
#Wave 5
# Sap xep theo cot
#*0000000*
#*1111111*
#*0000000*
#*1111111*
#*0110110*
[4,20,0,0,0.0,1,1][3,12,1,0,1.0,1,1][4,20,2,0,2.0,1,1][3,12,3,0,3.0,1,1][4,20,4,0,4.0,1,1][3,12,5,0,5.0,1,1][4,20,6,0,6.0,1,1]
[3,12,0,1,0.2,1,1][8,15,1,1,1.2,1,1][3,12,2,1,2.2,1,1][8,15,3,1,3.2,1,1][3,12,4,1,4.2,1,1][8,15,5,1,5.2,1,1][3,12,6,1,6.2,1,1]
[4,20,0,2,0.4,1,1][3,12,1,2,1.4,1,1][4,20,2,2,2.4,1,1][3,12,3,2,3.4,1,1][4,20,4,2,4.4,1,1][3,12,5,2,5.4,1,1][4,20,6,2,6.4,1,1]
[3,12,0,3,0.6,1,1][8,15,1,3,1.6,1,1][3,12,2,3,2.6,1,1][8,15,3,3,3.6,1,1][3,12,4,3,4.6,1,1][8,15,5,3,5.6,1,1][3,12,6,3,12.6,1,1]
[4,20,0,4,0.8,1,1][3,12,1,4,1.8,1,1][4,20,2,4,2.8,1,1][3,12,3,4,3.8,1,1][4,20,4,4,4.8,1,1][3,12,5,4,5.8,1,1][4,20,6,4,6.8,1,1]
;
tile=Wave6
start=5,1
time=2
type=1
speed=8
distance=1
path=star
save=[0,-3.6]
bonus=1,1,1,3
#Wave 6
# Sap xep theo cot
#*0000000*
#*1111111*
#*0000000*
#*1111111*
#*0110110*
[3,25,0,0,0.0,1,1][2,25,1,0,1.0,1,1][3,25,2,0,2.0,1,1][2,25,3,0,3.0,1,1][3,25,4,0,4.0,1,1][2,25,5,0,5.0,1,1][3,25,6,0,6.0,1,1]
[2,25,0,1,0.2,1,1][7,15,1,1,1.2,1,1][2,25,2,1,2.2,1,1][7,15,3,1,3.2,1,1][2,25,4,1,4.2,1,1][7,15,5,1,5.2,1,1][2,25,6,1,6.2,1,1]
[3,25,0,2,0.4,1,1][2,25,1,2,1.4,1,1][3,25,2,2,2.4,1,1][2,25,3,2,3.4,1,1][3,25,4,2,4.4,1,1][2,25,5,2,5.4,1,1][3,25,6,2,6.4,1,1]
[2,25,0,3,0.6,1,1][7,15,1,3,1.6,1,1][2,25,2,3,2.6,1,1][7,15,3,3,3.6,1,1][2,25,4,3,4.6,1,1][7,15,5,3,5.6,1,1][2,25,6,3,12.6,1,1]
[3,25,0,4,0.8,1,1][2,6,1,4,1.8,1,1][3,25,2,4,2.8,1,1][2,25,3,4,3.8,1,1][3,25,4,4,4.8,1,1][2,25,5,4,5.8,1,1][3,25,6,4,6.8,1,1]
;
tile=Wave7
start=5,1
time=2
type=1
speed=8
distance=1
path=star
save=[0,-3.6]
bonus=1,2,1,5
loop=true
#Wave 7
# Sap xep theo cot
#*0000000*
#*1111111*
#*0000000*
#*1111111*
#*0110110*
[3,25,0,0,0.0,1,1][2,25,1,0,1.0,1,1][3,25,2,0,2.0,1,1][2,25,3,0,3.0,1,1][3,25,4,0,4.0,1,1][2,25,5,0,5.0,1,1][3,25,6,0,6.0,1,1]
[2,25,0,1,0.2,1,1][7,15,1,1,1.2,1,1][2,25,2,1,2.2,1,1][7,15,3,1,3.2,1,1][2,25,4,1,4.2,1,1][7,15,5,1,5.2,1,1][2,25,6,1,6.2,1,1]
[3,25,0,2,0.4,1,1][2,25,1,2,1.4,1,1][3,25,2,2,2.4,1,1][2,25,3,2,3.4,1,1][3,25,4,2,4.4,1,1][2,25,5,2,5.4,1,1][3,25,6,2,6.4,1,1]
[2,25,0,3,0.6,1,1][7,15,1,3,1.6,1,1][2,25,2,3,2.6,1,1][7,15,3,3,3.6,1,1][2,25,4,3,4.6,1,1][7,15,5,3,5.6,1,1][2,25,6,3,12.6,1,1]
[3,25,0,4,0.8,1,1][2,25,1,4,1.8,1,1][3,25,2,4,2.8,1,1][2,25,3,4,3.8,1,1][3,25,4,4,4.8,1,1][2,25,5,4,5.8,1,1][3,25,6,4,6.8,1,1]
;
tile=Wave8
start=5,1
time=2
type=1
speed=8
distance=1
path=path5
save=[0,-3.6]
bonus=1,1,1,6
loop=true
#Wave 8
# Sap xep theo cot
#*0000000*
#*1111111*
#*0000000*
#*1111111*
#*0110110*
[4,30,0,0,0.0,1,1][2,15,1,0,1.0,1,1][4,30,2,0,2.0,1,1][2,15,3,0,3.0,1,1][4,30,4,0,4.0,1,1][2,15,5,0,5.0,1,1][4,30,6,0,6.0,1,1]
[2,15,0,1,0.2,1,1][6,22,1,1,1.2,1,1][2,15,2,1,2.2,1,1][6,22,3,1,3.2,1,1][2,15,4,1,4.2,1,1][6,22,5,1,5.2,1,1][2,15,6,1,6.2,1,1]
[4,30,0,2,0.4,1,1][2,15,1,2,1.4,1,1][4,30,2,2,2.4,1,1][2,15,3,2,3.4,1,1][4,30,4,2,4.4,1,1][2,15,5,2,5.4,1,1][4,30,6,2,6.4,1,1]
[2,15,0,3,0.6,1,1][6,22,1,3,1.6,1,1][2,15,2,3,2.6,1,1][6,22,3,3,3.6,1,1][2,15,4,3,4.6,1,1][6,22,5,3,5.6,1,1][2,15,6,3,12.6,1,1]
[4,30,0,4,0.8,1,1][2,15,1,4,1.8,1,1][4,30,2,4,2.8,1,1][2,15,3,4,3.8,1,1][4,30,4,4,4.8,1,1][2,15,5,4,5.8,1,1][4,30,6,4,6.8,1,1]
;
tile=Wave9
start=5,1
time=1
speed=6
type=1
#Wave 9
#0*0123456*
#1*0123456*
#2*0123456*
#3*0123456*
[6,40,0,2,0,1,1][6,40,1,6,15,1,0]
[6,40,3,3,5,1,0][6,40,2,3,17,1,1]
[6,40,1,4,15,1,1][6,40,5,4,20,1,0]
[6,40,2,4,12,1,0][6,40,3,4,22,1,1]
;
tile=Wave10
start=5,1
time=2
type=1
speed=8
distance=1
save=[0,-3.6]
path=wdow,wdow1
bonus=0,1,1,6
#Wave 10
# Sap xep theo cot
#*0000000*
#*1111111*
#*0000000*
#*1111111*
#*0110110*
[1,20,0,0,0.0,1,1][2,25,1,0,1.0,1,1][1,20,2,0,2.0,1,1][2,25,3,0,3.0,1,1][1,20,4,0,4.0,1,0][2,25,5,0,5.0,1,0][1,20,6,0,6.0,1,0]
[2,25,0,1,0.2,1,1][2,25,2,1,2.2,1,1][2,25,4,1,4.2,1,0][2,25,6,1,6.2,1,0]
[1,20,0,2,0.4,1,1][2,25,1,2,1.4,1,1][1,20,2,2,2.4,1,1][2,25,3,2,3.4,1,0][1,20,4,2,4.4,1,0][2,25,5,2,5.4,1,0][1,20,6,2,6.4,1,0]
[2,25,0,3,0.6,1,1][2,25,2,3,2.6,1,1][2,25,4,3,4.6,1,0][2,25,6,3,12.6,1,0]
[1,20,0,4,0.8,1,1][2,25,1,4,1.8,1,1][1,20,2,4,2.8,1,1][2,25,3,4,3.8,1,0][1,20,4,4,4.8,1,0][2,25,5,4,5.8,1,0][1,20,6,4,6.8,1,0]
;
tile=Wave11
start=5,1
time=2
type=1
speed=8
distance=1
save=[0,-3.6]
path=wdow,wdow1
loop=true
#Wave 11
# Sap xep theo cot
#*0000000*
#*1111111*
#*0000000*
#*1111111*
#*0110110*
[1,6,0,0,0.0,1,1][2,25,1,0,1.0,1,1][1,6,2,0,2.0,1,1][2,25,3,0,3.0,1,1][1,6,4,0,4.0,1,0][2,25,5,0,5.0,1,0][1,6,6,0,6.0,1,0]
[2,25,0,1,0.2,1,1][2,25,2,1,2.2,1,1][2,25,4,1,4.2,1,0][2,25,6,1,6.2,1,0]
[1,6,0,2,0.4,1,1][2,25,1,2,1.4,1,1][1,6,2,2,2.4,1,1][2,25,3,2,3.4,1,0][1,6,4,2,4.4,1,0][2,25,5,2,5.4,1,0][1,6,6,2,6.4,1,0]
[2,25,0,3,0.6,1,1][2,25,2,3,2.6,1,1][2,25,4,3,4.6,1,0][2,25,6,3,12.6,1,0]
[1,6,0,4,0.8,1,1][2,25,1,4,1.8,1,1][1,6,2,4,2.8,1,1][2,25,3,4,3.8,1,0][1,6,4,4,4.8,1,0][2,25,5,4,5.8,1,0][1,6,6,4,6.8,1,0]
;
tile=Meteorite!
distance=1
start=0,-1
time=1
type=2
thienthach=1
speed=1
bonus=2,3,2,3
#Wave 10
# 2 khong sap xep theo hang cot
#*1*3*4*5*
#**2*4*6**
#*1011101*
#*3333333*
#*0110110*
[3,25,0,0,1.0,1,0][0,1,1,0,1.0,1,0][2,50,2,0,2.0,1,0][2,6,3,0,4.0,1,0][0,6,3,0,3.3,1,1][0,2,5,0,1.6,1,1][3,12,6,0,2.6,1,1]
[0,1,0,1,1.2,1,0][2,25,1,1,2.2,1,0][1,20,2,1,2.2,1,0][2,5,3,1,4.2,1,0][3,15,2,1,1.4,1,1][1,1,5,1,1.8,1,1][1,5,6,1,2.8,1,1]
[2,3,0,2,1.4,1,0][1,3,2,2,3.0,1,0][2,3,2,2,2.4,1,0][0,5,1,2,1.9,1,1][1,5,4,2,1.0,1,1][3,22,5,2,2.0,1,1][1,5,6,2,3.0,1,1]
[0,1,0,3,1.6,1,0][3,25,1,3,2.6,1,0][3,25,2,3,2.6,1,0][3,5,1,3,5.2,1,1][0,20,4,3,1.2,1,1][1,15,5,3,2.2,1,1][1,5,6,3,3.3,1,1]
[3,20,0,4,2.2,1,0][2,50,2,4,2.8,1,0][1,3,2,4,1.2,1,0][0,5,3,4,5.4,1,1][1,5,4,4,0.2,1,1][3,7,5,4,2.4,1,1][3,50,6,4,3.4,1,1]
[3,25,0,5,2.3,1,0][2,15,2,5,2.8,1,0][1,3,2,5,1.2,1,0][0,5,1,3,5.4,1,1][1,5,4,5,0.2,1,1][3,7,5,5,2.4,1,1][3,12,6,5,3.4,1,1]
[2,3,0,6,1.4,1,0][1,3,1,6,3.0,1,0][2,30,2,6,2.4,1,0][0,30,3,12,1.9,1,1][1,5,4,6,1.0,1,1][3,1,5,6,2.0,1,1][1,30,6,6,3.0,1,1]
[1,3,0,7,1.4,1,0][3,25,1,7,3.0,1,0][1,30,2,7,2.4,1,0][0,30,3,7,1.9,1,1][1,5,4,7,1.0,1,1][2,1,5,7,2.0,1,1][3,30,6,7,3.0,1,1]
[3,25,0,7,1.4,1,0][2,30,2,7,2.4,1,0][0,30,3,7,1.9,1,1][2,1,5,7,4.0,1,1][0,30,6,7,3.0,1,1]
;
