
#[0] Type
#[1] Health
#[2] dx
#[3] dy
#[4] Delay 
#[5] Speed
#[6] Arrow
#__________
tile=Meteorite!
distance=1
start=0,-1
time=1
type=2
thienthach=1
speed=1
bonus=1,3,3,5
#Wave 1
# 2 khong sap xep theo hang cot
#*1*3*4*5*
#**2*4*6**
#*1011101*
#*3333333*
#*0110110*
[3,2,0,0,1.0,1,0][0,1,1,0,1.0,1,0][2,1,2,0,2.0,1,0][2,6,3,0,4.0,1,0][0,6,3,0,3.3,1,1][0,2,5,0,1.6,1,1][3,6,6,0,2.6,1,1]
[0,1,0,1,1.2,1,0][2,25,1,1,2.2,1,0][1,2,2,1,2.2,1,0][2,5,3,1,4.2,1,0][3,3,2,1,1.4,1,1][1,1,5,1,1.8,1,1][1,5,6,1,2.8,1,1]
[2,3,0,2,1.4,1,0][1,3,2,2,3.3,1,0][2,3,2,2,2.4,1,0][0,5,1,2,1.9,1,1][1,5,4,2,1.0,1,1][3,1,5,2,2.0,1,1][1,5,6,2,3.0,1,1]
[0,1,0,3,1.7,1,0][3,3,1,3,2.6,1,0][3,1,2,3,2.6,1,0][3,5,1,3,5.2,1,1][0,1,4,3,1.2,1,1][1,2,5,3,2.2,1,1][1,5,6,3,3.3,1,1]
[3,4,0,4,2.2,1,0][2,2,2,4,2.8,1,0][1,1,2,4,1.2,1,0][0,1,3,4,5.4,1,1][1,5,4,4,0.2,1,1][3,1,5,4,2.4,1,1][3,2,6,4,3.4,1,1]
[3,3,0,5,2.3,1,0][2,15,2,5,2.8,1,0][1,1,2,5,1.2,1,0][0,1,1,3,5.4,1,1][1,5,4,5,0.2,1,1][3,1,5,5,2.4,1,1][3,6,6,5,3.4,1,1]
[2,3,0,6,1.9,1,0][1,1,1,6,3.1,1,0][2,2,2,6,2.9,1,0][0,2,3,6,1.9,1,1][1,5,4,6,1.0,1,1][3,1,5,6,2.3,1,1][1,2,6,6,3.5,1,1]
[1,1,0,7,1.5,1,0][3,3,1,7,3.0,1,0][1,2,2,7,2.5,1,0][0,2,3,7,1.9,1,1][1,5,4,7,1.0,1,1][2,1,5,7,2.0,1,1][3,2,6,7,3.0,1,1]
[3,1,0,7,1.3,1,0][2,3,2,7,2.4,1,0][0,2,3,7,1.9,1,1][2,1,5,7,4.0,1,1][0,3,6,7,3.0,1,1]
;
tile=Meteorite!
distance=1
start=0,-1
time=1
type=2
thienthach=1
speed=1
bonus=1,2,2,3
#Wave 2
# 2 khong sap xep theo hang cot
#*1*3*4*5*
#**2*4*6**
#*1011101*
#*3333333*
#*0110110*
[3,2,0,0,1.0,1,0][0,1,1,0,1.0,1,0][2,1,2,0,2.0,1,0][2,6,3,0,4.0,1,0][0,6,3,0,3.3,1,1][0,2,5,0,1.6,1,1][3,6,6,0,2.6,1,1]
[0,1,0,1,1.2,1,0][2,25,1,1,2.2,1,0][1,2,2,1,2.2,1,0][2,5,3,1,4.2,1,0][3,3,2,1,1.4,1,1][1,1,5,1,1.8,1,1][1,5,6,1,2.8,1,1]
[2,3,0,2,1.4,1,0][1,3,2,2,3.3,1,0][2,3,2,2,2.4,1,0][0,5,1,2,1.9,1,1][1,5,4,2,1.0,1,1][3,3,5,2,2.0,1,1][1,5,6,2,3.0,1,1]
[0,1,0,3,1.7,1,0][3,3,1,3,2.6,1,0][3,1,2,3,2.6,1,0][3,5,1,3,5.2,1,1][0,3,4,3,1.2,1,1][1,2,5,3,2.2,1,1][1,5,6,3,3.3,1,1]
[3,4,0,4,2.2,1,0][2,2,2,4,2.8,1,0][1,3,2,4,1.2,1,0][0,5,3,4,5.4,1,1][1,5,4,4,0.2,1,1][3,7,5,4,2.4,1,1][3,2,6,4,3.4,1,1]
[3,3,0,5,2.3,1,0][2,15,2,5,2.8,1,0][1,3,2,5,1.2,1,0][0,5,1,3,5.4,1,1][1,5,4,5,0.2,1,1][3,7,5,5,2.4,1,1][3,6,6,5,3.4,1,1]
[2,3,0,6,1.9,1,0][1,3,1,6,3.1,1,0][2,2,2,6,2.9,1,0][0,2,3,6,1.9,1,1][1,5,4,6,1.0,1,1][3,1,5,6,2.3,1,1][1,2,6,6,3.5,1,1]
[1,3,0,7,1.5,1,0][3,3,1,7,3.0,1,0][1,2,2,7,2.5,1,0][0,2,3,7,1.9,1,1][1,5,4,7,1.0,1,1][2,1,5,7,2.0,1,1][3,2,6,7,3.0,1,1]
[3,3,0,7,1.3,1,0][2,3,2,7,2.4,1,0][0,2,3,7,1.9,1,1][2,1,5,7,4.0,1,1][0,3,6,7,3.0,1,1]
;
tile=Meteorite!
distance=1
start=0,-1
time=1
type=2
thienthach=1
speed=1
bonus=2,3,5,3
#Wave 3
# 2 khong sap xep theo hang cot
#*1*3*4*5*
#**2*4*6**
#*1011101*
#*3333333*
#*0110110*
[3,2,0,0,1.0,1,0][0,1,1,0,1.0,1,0][2,1,2,0,2.0,1,0][2,6,3,0,4.0,1,0][0,6,3,0,3.3,1,1][0,2,5,0,1.6,1,1][3,6,6,0,2.6,1,1]
[0,1,0,1,1.2,1,0][2,25,1,1,2.2,1,0][1,2,2,1,2.2,1,0][2,5,3,1,4.2,1,0][3,3,2,1,1.4,1,1][1,1,5,1,1.8,1,1][1,5,6,1,2.8,1,1]
[2,3,0,2,1.4,1,0][1,3,2,2,3.3,1,0][2,3,2,2,2.4,2,0][0,5,1,2,1.9,1,1][1,5,4,2,1.0,1,1][3,3,5,2,2.0,1,1][1,5,6,2,3.0,2,1]
[0,1,0,3,1.7,1,0][3,3,1,3,2.6,1,0][3,1,2,3,2.6,1,0][3,5,1,3,5.2,1,1][0,3,4,3,1.2,1,1][1,2,5,3,2.2,1,1][1,5,6,3,3.3,1,1]
[3,4,0,4,2.2,2,0][2,2,2,4,2.8,1,0][1,3,2,4,1.2,1,0][0,5,3,4,5.4,1,1][1,5,4,4,0.2,1,1][3,7,5,4,2.4,1,1][3,2,6,4,3.4,1,1]
[3,3,0,5,2.3,1,0][2,15,2,5,2.8,1,0][1,3,2,5,1.2,1,0][0,5,1,3,5.4,1,1][1,5,4,5,0.2,1,1][3,7,5,5,2.4,1,1][3,6,6,5,3.4,1,1]
[2,3,0,6,1.9,1,0][1,3,1,6,3.1,1,0][2,2,2,6,2.9,1,0][0,2,3,6,1.9,1,1][1,5,4,6,1.0,1,1][3,1,5,6,2.3,1,1][1,2,6,6,3.5,1,1]
[1,3,0,7,1.5,1,0][3,3,1,7,3.0,1,0][1,2,2,7,2.5,1,0][0,2,3,7,1.9,1,1][1,5,4,7,1.0,1,1][2,1,5,7,2.0,1,1][3,2,6,7,3.0,1,1]
[3,3,0,7,1.3,1,0][2,3,2,7,2.4,1,0][0,2,3,7,1.9,1,1][2,1,5,7,4.0,1,1][0,3,6,7,3.0,2,1]
;
tile=Wave4
start=5,1
time=2
type=1
speed=8
distance=1
save=[0,-3.6]
path=straight,straight1
#Wave 4
# Sap xep theo cot
#*0000000*
#*1111111*
#*0000000*
#*1111111*
#*0110110*
[4,8,0,0,0.0,1,1][3,7,1,0,1.0,1,1][4,8,2,0,2.0,1,1][3,7,3,0,3.0,1,1][4,8,4,0,4.0,1,0][3,7,5,0,5.0,1,0][4,8,6,0,6.0,1,0]
[3,7,0,1,0.2,1,1][4,8,1,1,1.2,1,1][3,7,2,1,2.2,1,1][4,8,3,1,3.2,1,1][3,7,4,1,4.2,1,0][4,8,5,1,5.2,1,0][3,7,6,1,6.2,1,0]
[4,8,0,2,0.4,1,1][3,7,1,2,1.4,1,1][4,8,2,2,2.4,1,1][3,7,3,2,3.4,1,0][4,8,4,2,4.4,1,0][3,7,5,2,5.4,1,0][4,8,6,2,6.4,1,0]
[3,7,0,3,0.6,1,1][4,8,1,3,1.6,1,1][3,7,2,3,2.6,1,1][4,8,3,3,3.6,1,0][3,7,4,3,4.6,1,0][4,8,5,3,5.6,1,0][3,7,6,3,6.6,1,0]
[4,8,0,4,0.8,1,1][3,7,1,4,1.8,1,1][4,8,2,4,2.8,1,1][3,7,3,4,3.8,1,0][4,8,4,4,4.8,1,0][3,7,5,4,5.8,1,0][4,8,6,4,6.8,1,0]
;
tile=Wave5
start=5,1
time=2
type=1
speed=8
distance=1
save=[0,-3.6]
path=straight1,straight2
#Wave 5
# Sap xep theo cot
#*0000000*
#*1111111*
#*0000000*
#*1111111*
#*0110110*
[4,8,0,0,0.0,1,1][3,7,1,0,1.0,1,1][4,8,2,0,2.0,1,1][3,7,3,0,3.0,1,1][4,8,4,0,4.0,1,0][3,7,5,0,5.0,1,0][4,8,6,0,6.0,1,0]
[3,7,0,1,0.2,1,1][4,8,1,1,1.2,1,1][3,7,2,1,2.2,1,1][4,8,3,1,3.2,1,1][3,7,4,1,4.2,1,0][4,8,5,1,5.2,1,0][3,7,6,1,6.2,1,0]
[4,8,0,2,0.4,1,1][3,7,1,2,1.4,1,1][4,8,2,2,2.4,1,1][3,7,3,2,3.4,1,0][4,8,4,2,4.4,1,0][3,7,5,2,5.4,1,0][4,8,6,2,6.4,1,0]
[3,7,0,3,0.6,1,1][4,8,1,3,1.6,1,1][3,7,2,3,2.6,1,1][4,8,3,3,3.6,1,0][3,7,4,3,4.6,1,0][4,8,5,3,5.6,1,0][3,7,6,3,6.6,1,0]
[4,8,0,4,0.8,1,1][3,7,1,4,1.8,1,1][4,8,2,4,2.8,1,1][3,7,3,4,3.8,1,0][4,8,4,4,4.8,1,0][3,7,5,4,5.8,1,0][4,8,6,4,6.8,1,0]
;
tile=Wave6
start=5,1
time=2
type=1
speed=8
distance=1
save=[0,-3.6]
path=archer,acher2
#Wave 6
# Sap xep theo cot
#*0000000*
#*1111111*
#*0000000*
#*1111111*
#*0110110*
[2,8,0,0,0.0,1,1][3,7,1,0,1.0,1,1][2,8,2,0,2.0,1,1][3,7,3,0,3.0,1,1][2,8,4,0,4.0,1,0][3,7,5,0,5.0,1,0][2,8,6,0,6.0,1,0]
[3,7,0,1,0.2,1,1][2,8,1,1,1.2,1,1][3,7,2,1,2.2,1,1][2,8,3,1,3.2,1,1][3,7,4,1,4.2,1,0][2,8,5,1,5.2,1,0][3,7,6,1,6.2,1,0]
[2,8,0,2,0.4,1,1][3,7,1,2,1.4,1,1][2,8,2,2,2.4,1,1][3,7,3,2,3.4,1,0][2,8,4,2,4.4,1,0][3,7,5,2,5.4,1,0][2,8,6,2,6.4,1,0]
[3,7,0,3,0.6,1,1][2,8,1,3,1.6,1,1][3,7,2,3,2.6,1,1][2,8,3,3,3.6,1,0][3,7,4,3,4.6,1,0][2,8,5,3,5.6,1,0][3,7,6,3,6.6,1,0]
[2,8,0,4,0.8,1,1][3,7,1,4,1.8,1,1][2,8,2,4,2.8,1,1][3,7,3,4,3.8,1,0][2,8,4,4,4.8,1,0][3,7,5,4,5.8,1,0][2,8,6,4,6.8,1,0]
;
tile=Wave6
start=5,1
time=2
type=1
speed=8
distance=1
save=[0,-3.6]
path=archer,acher2
bonus=0,1,1,4
#Wave 7
# Sap xep theo cot
#*0000000*
#*1111111*
#*0000000*
#*1111111*
#*0110110*
[2,8,0,0,0.0,1,1][5,12,1,0,1.0,1,1][2,8,2,0,2.0,1,1][5,12,3,0,3.0,1,1][2,8,4,0,4.0,1,0][5,12,5,0,5.0,1,0][2,8,6,0,6.0,1,0]
[3,9,0,1,0.2,1,1][2,8,1,1,1.2,1,1][3,9,2,1,2.2,1,1][2,8,3,1,3.2,1,1][3,9,4,1,4.2,1,0][2,8,5,1,5.2,1,0][3,9,6,1,6.2,1,0]
[5,12,0,2,0.4,1,1][3,9,1,2,1.4,1,1][5,12,2,2,2.4,1,1][3,7,3,2,3.4,1,0][5,12,4,2,4.4,1,0][3,9,5,2,5.4,1,0][5,12,6,2,6.4,1,0]
[3,9,0,3,0.6,1,1][2,8,1,3,1.6,1,1][3,9,2,3,2.6,1,1][2,8,3,3,3.6,1,0][3,9,4,3,4.6,1,0][2,8,5,3,5.6,1,0][3,9,6,3,6.6,1,0]
[2,8,0,4,0.8,1,1][5,12,1,4,1.8,1,1][2,8,2,4,2.8,1,1][5,12,3,4,3.8,1,0][2,8,4,4,4.8,1,0][5,12,5,4,5.8,1,0][2,8,6,4,6.8,1,0]
;
tile=Wave7
distance=1
start=0,3
time=1
type=2
speed=4
#Wave 8
# 2 khong sap xep theo hang cot
#*1*3*4*5*
#**2*4*6**
#*1011101*
#*3333333*
#*0110110*
[7,20,0,0,3,1,1][2,15,1,0,2,1,1][3,17,2,0,1,1,1][3,17,3,0,0,1,0][2,15,4,0,1,1,0][7,20,5,0,2,1,0]
[2,15,0,1,3,1,1][0,6,1,1,2,1,1][0,6,2,1,1,1,1][0,6,3,1,0,1,0][0,6,4,1,1,1,0][0,6,5,1,2,1,0]
[4,13,0,2,3,1,1][3,17,1,2,2,1,1][3,71,2,2,1,1,1][3,17,3,2,0,1,0][3,17,4,2,1,1,0][4,13,5,2,2,1,0]
[2,15,0,3,3,1,1][0,6,1,3,2,1,1][0,6,2,3,1,1,1][0,6,3,3,0,1,0][0,6,4,3,1,1,0][0,6,5,3,2,1,0]
[4,13,0,4,3,1,1][7,20,1,4,2,1,1][3,17,2,4,1,1,1][3,17,3,4,0,1,0][7,20,4,4,1,1,0][4,13,5,4,2,1,0]
;
tile=Wave8
start=5,1
time=2
type=1
speed=8
distance=1
save=[0,-3.6]
bonus=1,3,2
#Wave 9
# Sap xep theo cot
#*0000000*
#*1111111*
#*0000000*
#*1111111*
#*0110110*
[0,10,0,0,0.0,1,1][8,25,1,0,1.0,1,1][0,10,2,0,2.0,1,1][8,25,3,0,3.0,1,1][0,10,4,0,4.0,1,1][8,25,5,0,5.0,1,1][0,10,6,0,6.0,1,1]
[8,25,0,1,0.2,1,1][0,10,1,1,1.2,1,1][8,25,2,1,2.2,1,1][0,10,3,1,3.2,1,1][8,25,4,1,4.2,1,1][0,10,5,1,5.2,1,1][8,25,6,1,6.2,1,1]
[0,10,0,2,0.4,1,1][8,25,1,2,1.4,1,1][0,10,2,2,2.4,1,1][8,25,3,2,3.4,1,1][0,10,4,2,4.4,1,1][8,25,5,2,5.4,1,1][0,10,6,2,6.4,1,1]
[8,25,0,3,0.6,1,1][0,10,1,3,1.6,1,1][8,25,2,3,2.6,1,1][0,10,3,3,3.6,1,1][8,25,4,3,4.6,1,1][0,10,5,3,5.6,1,1][8,25,6,3,6.6,1,1]
[0,10,0,4,0.8,1,1][8,25,1,4,1.8,1,1][0,10,2,4,2.8,1,1][8,25,3,4,3.8,1,1][0,10,4,4,4.8,1,1][8,25,5,4,5.8,1,1][0,10,6,4,6.8,1,1]
;
tile=Wave9
start=5,1
time=2
type=1
speed=8
distance=1
save=[0,-3.6]
path=straight1,straight
bonus=0,2,2,4
#Wave 10
# Sap xep theo cot
#*0000000*
#*1111111*
#*0000000*
#*1111111*
#*0110110*
[4,18,0,0,0.0,1,1][5,30,1,0,1.0,1,1][4,18,2,0,2.0,1,1][4,18,4,0,4.0,1,0][4,8,6,0,6.0,1,0]
[5,30,0,1,0.2,1,1][4,18,1,1,1.2,1,1][4,18,3,1,3.2,1,1][4,18,5,1,5.2,1,0][5,30,6,1,6.2,1,0]
[4,18,0,2,0.4,1,1][4,18,2,2,2.4,1,1][4,18,4,2,4.4,1,0][4,8,6,2,6.4,1,0]
[5,30,0,3,0.6,1,1][4,18,1,3,1.6,1,1][4,18,3,3,3.6,1,0][4,18,5,3,5.6,1,0][5,30,6,3,6.6,1,0]
[4,18,0,4,0.8,1,1][4,18,2,4,2.8,1,1][5,30,3,4,3.8,1,0][4,18,4,4,4.8,1,0][4,8,6,4,6.8,1,0]
;
tile=Wave10
start=5,1
time=2
type=1
speed=8
distance=1
save=[0,-3.6]
path=straight1,straight2
#Wave 11
# Sap xep theo cot
#*0000000*
#*1111111*
#*0000000*
#*1111111*
#*0110110*
[4,8,0,0,0.0,1,1][5,30,1,0,1.0,1,1][4,8,2,0,2.0,1,1][5,30,3,0,3.0,1,1][4,8,4,0,4.0,1,0][5,30,5,0,5.0,1,0][4,8,6,0,6.0,1,0]
[5,30,0,1,0.2,1,1][4,8,1,1,1.2,1,1][5,30,2,1,2.2,1,1][4,8,3,1,3.2,1,1][5,30,4,1,4.2,1,0][4,8,5,1,5.2,1,0][5,30,6,1,6.2,1,0]
[4,8,0,2,0.4,1,1][5,30,1,2,1.4,1,1][4,8,2,2,2.4,1,1][5,30,3,2,3.4,1,0][4,8,4,2,4.4,1,0][5,30,5,2,5.4,1,0][4,8,6,2,6.4,1,0]
[5,30,0,3,0.6,1,1][4,8,1,3,1.6,1,1][5,30,2,3,2.6,1,1][4,8,3,3,3.6,1,0][5,30,4,3,4.6,1,0][4,8,5,3,5.6,1,0][5,30,6,3,6.6,1,0]
[4,8,0,4,0.8,1,1][5,30,1,4,1.8,1,1][4,8,2,4,2.8,1,1][5,30,3,4,3.8,1,0][4,8,4,4,4.8,1,0][5,30,5,4,5.8,1,0][4,8,6,4,6.8,1,0]
;
tile=Wave11
start=5,1
time=2
type=1
speed=8
distance=1
save=[0,-3.6]
path=archer,acher2
#Wave 12
# Sap xep theo cot
#*0000000*
#*1111111*
#*0000000*
#*1111111*
#*0110110*
[2,20,0,0,0.0,1,1][3,30,1,0,1.0,1,1][2,20,2,0,2.0,1,1][3,30,3,0,3.0,1,1][2,20,4,0,0.6,1,0][3,30,5,0,1.6,1,0][2,20,6,0,2.6,1,0]
[3,30,0,1,0.2,1,1][2,20,1,1,1.2,1,1][3,30,2,1,2.2,1,1][2,20,3,1,3.2,1,1][3,30,4,1,0.8,1,0][2,20,5,1,1.8,1,0][3,30,6,1,2.8,1,0]
[2,20,0,2,0.4,1,1][3,30,1,2,1.4,1,1][2,20,2,2,2.4,1,1][3,30,3,2,0.0,1,0][2,20,4,2,1.0,1,0][3,30,5,2,2.0,1,0][2,20,6,2,3.0,1,0]
[3,30,0,3,0.6,1,1][2,20,1,3,1.6,1,1][3,30,2,3,2.6,1,1][2,20,3,3,0.2,1,0][3,30,4,3,1.2,1,0][2,20,5,3,2.2,1,0][3,30,6,3,3.2,1,0]
[2,20,0,4,0.8,1,1][3,30,1,4,1.8,1,1][2,20,2,4,2.8,1,1][3,30,3,4,0.4,1,0][2,20,4,4,1.4,1,0][3,30,5,4,2.4,1,0][2,20,6,4,3.4,1,0]
;
tile=Wave12
start=5,1
time=2
type=1
speed=8
distance=1
save=[0,-3.6]
path=archer,acher2
bonus=0,1,1,2
#Wave 13
# Sap xep theo cot
#*0000000*
#*1111111*
#*0000000*
#*1111111*
#*0110110*
[2,20,0,0,0.0,1,1][3,30,1,0,1.0,1,1][2,20,2,0,2.0,1,1][3,30,3,0,3.0,1,1][2,20,4,0,4.0,1,0][3,30,5,0,5.0,1,0][2,20,6,0,6.0,1,0]
[3,30,0,1,0.2,1,1][2,20,1,1,1.2,1,1][3,30,2,1,2.2,1,1][2,20,3,1,3.2,1,1][3,30,4,1,4.2,1,0][2,20,5,1,5.2,1,0][3,30,6,1,6.2,1,0]
[2,20,0,2,0.4,1,1][3,30,1,2,1.4,1,1][2,20,2,2,2.4,1,1][3,30,3,2,3.4,1,0][2,20,4,2,4.4,1,0][3,30,5,2,5.4,1,0][2,20,6,2,6.4,1,0]
[3,30,0,3,0.6,1,1][2,20,1,3,1.6,1,1][3,30,2,3,2.6,1,1][2,20,3,3,3.6,1,0][3,30,4,3,4.6,1,0][2,20,5,3,5.6,1,0][3,30,6,3,6.6,1,0]
[2,20,0,4,0.8,1,1][3,30,1,4,1.8,1,1][2,20,2,4,2.8,1,1][3,30,3,4,3.8,1,0][2,20,4,4,4.8,1,0][3,30,5,4,5.8,1,0][2,20,6,4,6.8,1,0]
;
tile=Wave13
start=5,1
speed=8
time=1
type=1
distance=1.1
#Wave 13
[1,10,0,0,0.0,1,0][5,40,1,0,1.0,1,0][1,10,2,0,2.0,1,0][5,40,3,0,3.0,1,0][1,10,4,0,4.0,1,0][5,40,5,0,5.0,1,0][1,10,6,0,6.0,1,0]
[2,27,0,1,0.2,1,0][3,15,1,1,1.2,1,0][2,27,2,1,2.2,1,0][3,30,3,1,3.2,1,0][2,27,4,1,4.2,1,0][3,30,5,1,5.2,1,0][2,27,6,1,6.2,1,0]
[3,30,0,2,0.4,1,0][2,27,1,2,1.4,1,0][3,30,2,2,2.4,1,0][2,27,3,2,3.4,1,0][3,30,4,2,4.4,1,0][2,27,5,2,5.4,1,0][3,30,6,2,6.4,1,0]
[4,40,0,3,0.6,1,0][1,15,1,3,1.6,1,0][4,40,2,3,2.6,1,0][1,15,3,3,3.6,1,0][4,40,4,3,4.6,1,0][1,15,5,3,5.6,1,0][4,40,6,3,6.6,1,0]
[6,45,0,4,0.8,1,0][6,45,1,4,1.8,1,0][6,45,2,4,2.8,1,0][6,45,3,4,3.8,1,0][6,45,4,4,4.8,1,0][6,45,5,4,5.8,1,0][6,45,6,4,6.8,1,0]
;
tile=Meteorite!
distance=1
start=0,-1
time=1
type=2
thienthach=1
speed=1
#Wave 14
# 2 khong sap xep theo hang cot
#*1*3*4*5*
#**2*4*6**
#*1011101*
#*3333333*
#*0110110*
[3,2,0,0,1.0,1,0][0,1,1,0,1.0,1,0][2,50,2,0,2.0,1,0][2,6,3,0,4.0,1,0][0,6,3,0,3.3,1,1][0,2,5,0,1.6,1,1][3,6,6,0,2.6,1,1]
[0,1,0,1,1.2,1,0][2,25,1,1,2.2,1,0][1,20,2,1,2.2,1,0][2,5,3,1,4.2,1,0][3,50,2,1,1.4,1,1][1,1,5,1,1.8,1,1][1,5,6,1,2.8,1,1]
[2,3,0,2,1.4,1,0][1,3,2,2,3.0,1,0][2,3,2,2,2.4,1,0][0,5,1,2,1.9,1,1][1,5,4,2,1.0,1,1][3,30,5,2,2.0,1,1][1,5,6,2,3.0,1,1]
[0,1,0,3,1.6,1,0][3,3,1,3,2.6,1,0][3,1,2,3,2.6,1,0][3,5,1,3,5.2,1,1][0,20,4,3,1.2,1,1][1,15,5,3,2.2,1,1][1,5,6,3,3.3,1,1]
[3,20,0,4,2.2,1,0][2,50,2,4,2.8,1,0][1,3,2,4,1.2,1,0][0,5,3,4,5.4,1,1][1,5,4,4,0.2,1,1][3,7,5,4,2.4,1,1][3,50,6,4,3.4,1,1]
[3,3,0,5,2.3,1,0][2,15,2,5,2.8,1,0][1,3,2,5,1.2,1,0][0,5,1,3,5.4,1,1][1,5,4,5,0.2,1,1][3,7,5,5,2.4,1,1][3,6,6,5,3.4,1,1]
[2,3,0,6,1.4,1,0][1,3,1,6,3.0,1,0][2,30,2,6,2.4,1,0][0,30,3,6,1.9,1,1][1,5,4,6,1.0,1,1][3,1,5,6,2.0,1,1][1,30,6,6,3.0,1,1]
[1,3,0,7,1.4,1,0][3,3,1,7,3.0,1,0][1,30,2,7,2.4,1,0][0,30,3,7,1.9,1,1][1,5,4,7,1.0,1,1][2,1,5,7,2.0,1,1][3,30,6,7,3.0,1,1]
[3,3,0,7,1.4,1,0][2,30,2,7,2.4,1,0][0,30,3,7,1.9,1,1][2,1,5,7,4.0,1,1][0,30,6,7,3.0,1,1]
;