#[0] Type
#[1] Health
#[2] dx
#[3] dy
#[4] Delay 
#[5] Speed
#[6] Arrow
#__________
tile=Wave1
start=5,1
time=2
type=1
speed=8
distance=1
save=[0,-3.6]
path=vcut1,vcut2
bonus=0,1,1,4
#Wave 1
# Sap xep theo cot
#*0000000*
#*1111111*
#*0000000*
#*1111111*
#*0110110*
[1,20,0,0,0.0,1,1][2,8,1,0,1.0,1,1][1,20,2,0,2.0,1,1][2,8,3,0,3.0,1,1][1,20,4,0,4.0,1,0][2,8,5,0,5.0,1,0][1,20,6,0,6.0,1,0]
[2,8,0,1,0.2,1,1][2,8,2,1,2.2,1,1][2,8,4,1,4.2,1,0][2,8,6,1,2.2,1,0]
[1,20,0,2,0.4,1,1][2,8,1,2,1.4,1,1][1,20,2,2,2.4,1,1][2,8,3,2,3.4,1,0][1,20,4,2,4.4,1,0][2,8,5,2,5.4,1,0][1,20,6,2,6.4,1,0]
[2,8,0,3,0.6,1,1][2,8,2,3,2.6,1,1][2,8,4,3,4.6,1,0][2,8,6,3,6.6,1,0]
[1,20,0,4,0.8,1,1][2,8,1,4,1.8,1,1][1,20,2,4,2.8,1,1][2,8,3,4,3.8,1,0][1,20,4,4,4.8,1,0][2,8,5,4,5.8,1,0][1,20,6,4,6.8,1,0]
;
tile=Wave2
start=5,1
time=2
type=1
speed=8
distance=1
save=[0,-3.6]
path=mzig
bonus=0,1,1,4
#Wave 2
# Sap xep theo cot
#*0000000*
#*1111111*
#*0000000*
#*1111111*
#*0110110*
[4,10,0,0,0.0,1,1][3,9,1,0,1.0,1,1][4,10,2,0,2.0,1,1][3,9,3,0,3.0,1,1][4,10,4,0,4.0,1,1][3,9,5,0,5.0,1,1][4,10,6,0,6.0,1,1]
[3,9,0,1,0.2,1,1][4,10,1,1,1.2,1,1][3,9,2,1,2.2,1,1][4,10,3,1,3.2,1,1][3,9,4,1,4.2,1,1][4,10,5,1,5.2,1,1][3,9,6,1,6.2,1,1]
[4,10,0,2,0.4,1,1][3,9,1,2,1.4,1,1][4,10,2,2,2.4,1,1][3,9,3,2,3.4,1,1][4,10,4,2,4.4,1,1][3,9,5,2,5.4,1,1][4,10,6,2,6.4,1,1]
[3,9,0,3,0.6,1,1][4,10,1,3,1.6,1,1][3,9,2,3,2.6,1,1][4,10,3,3,3.6,1,1][3,9,4,3,4.6,1,1][4,10,5,3,5.6,1,1][3,9,6,3,6.6,1,1]
[4,10,0,4,0.8,1,1][3,9,1,4,1.8,1,1][4,10,2,4,2.8,1,1][3,9,3,4,3.8,1,1][4,10,4,4,4.8,1,1][3,9,5,4,5.8,1,1][4,10,6,4,6.8,1,1]
;
tile=Wave2
distance=1
start=0,3
time=1
type=2
speed=4
bonus=1,1,0
#Wave 2
# 2 khong sap xep theo hang cot
#*1*3*4*5*
#**2*4*6**
#*1011101*
#*3333333*
#*0110110*
[1,10,0,0,3,1,1][2,15,1,0,2,1,1][3,4,2,0,1,1,1][3,4,3,0,0,1,0][2,15,4,0,1,1,0][1,10,5,0,2,1,0]
[2,15,0,1,3,1,1][0,9,1,1,2,1,1][0,9,2,1,1,1,1][0,9,3,1,0,1,0][0,9,4,1,1,1,0][0,9,5,1,2,1,0]
[1,10,0,2,3,1,1][3,4,1,2,2,1,1][3,4,2,2,1,1,1][3,4,3,2,0,1,0][3,4,4,2,1,1,0][1,10,5,2,2,1,0]
[2,15,0,3,3,1,1][0,9,1,3,2,1,1][0,9,2,3,1,1,1][0,9,3,3,0,1,0][0,9,4,3,1,1,0][0,9,5,3,2,1,0]
[1,10,0,4,3,1,1][2,15,1,4,2,1,1][3,4,2,4,1,1,1][3,4,3,4,0,1,0][2,15,4,4,1,1,0][1,10,5,4,2,1,0]
;
tile=Wave3
start=5,1
time=1
speed=5
type=2
distance=1.1
bonus=1,2,1,3,2
#Wave 3
#0*0123456*
#1**12345**
#2***234***
#3****3****
#4**1*3*5**
[2,40,0,0,0,1,0][1,4,1,0,0,1,0][1,4,2,0,0,1,0][1,4,3,0,0,1,0][1,4,4,0,0,1,0][1,4,5,0,0,1,1][2,40,6,0,0,1,0]
[2,40,1,1,1,1,1][1,4,2,1,1,1,1][1,4,3,1,1,1,1][1,4,4,1,1,1,1][2,40,5,1,1,1,1]
[2,40,1,2,2,1,0][6,6,3,2,0,1,0][2,40,5,2,2,1,0]
[3,25,1,3,0,1,1][3,25,3,3,0,1,1][3,25,5,3,0,1,1]
[2,40,1,4,0,1,1][2,40,3,4,0,1,1][2,40,5,4,0,1,1]
;
tile=Wave4
start=5,1
speed=8
time=1
type=1
bonus=1,1,3,0
distance=1.1
#Wave 4
[1,15,0,0,0.0,1,0][4,12,1,0,1.0,1,0][1,15,2,0,2.0,1,0][4,12,3,0,3.0,1,0][1,15,4,0,4.0,1,0][4,12,5,0,5.0,1,0][1,15,6,0,6.0,1,0]
[2,25,0,1,0.2,1,0][3,11,1,1,1.2,1,0][2,25,2,1,2.2,1,0][3,11,3,1,3.2,1,0][2,25,4,1,4.2,1,0][3,11,5,1,5.2,1,0][2,25,6,1,6.2,1,0]
[3,11,0,2,0.4,1,0][2,25,1,2,1.4,1,0][3,11,2,2,2.4,1,0][2,25,3,2,3.4,1,0][3,11,4,2,4.4,1,0][2,25,5,2,5.4,1,0][3,11,6,2,6.4,1,0]
[4,30,0,3,0.6,1,0][1,15,1,3,1.6,1,0][4,30,2,3,2.6,1,0][1,15,3,3,3.6,1,0][4,30,4,3,4.6,1,0][1,15,5,3,5.6,1,0][4,30,6,3,6.6,1,0]
;
tile=Wave5
start=5,1
time=2
type=1
speed=8
distance=1
save=[0,-3.6]
path=vcut1,vcut2
bonus=1,1,1,4
#Wave 5
# Sap xep theo cot
#*0000000*
#*1111111*
#*0000000*
#*1111111*
#*0110110*
[1,20,0,0,0.0,1,1][2,8,1,0,1.0,1,1][1,20,2,0,2.0,1,1][2,8,3,0,3.0,1,1][1,20,4,0,4.0,1,0][2,8,5,0,5.0,1,0][1,20,6,0,6.0,1,0]
[2,8,0,1,0.2,1,1][8,65,1,1,1.2,1,1][2,8,2,1,2.2,1,1][8,65,3,1,3.2,1,1][2,8,4,1,4.2,1,0][8,65,5,1,5.2,1,0][2,8,6,1,6.2,1,0]
[1,20,0,2,0.4,1,1][2,8,1,2,1.4,1,1][1,20,2,2,2.4,1,1][2,8,3,2,3.4,1,0][1,20,4,2,4.4,1,0][2,8,5,2,5.4,1,0][1,20,6,2,6.4,1,0]
[2,8,0,3,0.6,1,1][8,65,1,3,1.6,1,1][2,8,2,3,2.6,1,1][8,65,3,3,3.6,1,0][2,8,4,3,4.6,1,0][8,65,5,3,5.6,1,0][2,8,6,3,6.6,1,0]
[1,20,0,4,0.8,1,1][2,8,1,4,1.8,1,1][1,20,2,4,2.8,1,1][2,8,3,4,3.8,1,0][1,20,4,4,4.8,1,0][2,8,5,4,5.8,1,0][1,20,6,4,6.8,1,0]
;
tile=Wave6
start=5,1

time=1
speed=7
type=1
bonus=1,1,2
attack=true
#Wave 6
#0*0123456*
#1*0123456*
#2*0123456*
#3*0123456*
[5,40,3,0,1,1,1]
[5,40,1,1,1,1,1][5,40,5,1,1,1,0]
[5,40,3,2,1,1,1]
[5,40,1,3,1,1,1][5,40,5,3,1,1,0]
[5,40,3,4,1,1,1]
;
tile=Wave7
start=5,1
time=1
speed=6
type=1
bonus=1,1,0,5,2,3
#Wave 7
#0*0123456*
#1*0123456*
#2*0123456*
#3*0123456*
[5,45,0,2,0,1,1][5,45,1,6,15,1,0]
[4,15,3,3,25,1,0][4,15,2,3,17,1,1]
[5,45,1,4,8,1,1][5,45,5,4,20,1,0]
[4,15,2,4,12,1,0][4,15,3,4,22,1,1]
;
tile=Wave8
start=5,1
time=1
speed=5
type=2
distance=1.1
bonus=1,1,1,4,2
#Wave 8
#0*0123456*
#1**12345**
#2***234***
#3****3****
#4**1*3*5**
[2,17,0,0,0,1,0][1,15,1,0,0,1,0][1,15,2,0,0,1,0][1,15,3,0,0,1,0][1,15,4,0,0,1,0][1,15,5,0,0,1,1][2,17,6,0,0,1,0]
[2,17,1,1,1,1,1][1,15,2,1,1,1,1][1,15,3,1,1,1,1][1,15,4,1,1,1,1][2,17,5,1,1,1,1]
[2,17,1,2,2,1,0][5,20,3,2,0,1,0][2,17,5,2,2,1,0]
[3,25,1,3,0,1,1][3,25,3,3,0,1,1][3,25,5,3,0,1,1]
[5,40,1,4,0,1,1][5,40,3,4,0,1,1][5,40,5,4,0,1,1]
;
tile=Wave9
start=5,1
speed=8
time=1
type=1
path=mzig2
bonus=0,1,3,0
distance=1.1
#Wave 9
[1,19,0,0,0.0,1,0][4,24,1,0,1.0,1,0][1,19,2,0,2.0,1,0][4,24,3,0,3.0,1,0][1,19,4,0,4.0,1,0][4,24,5,0,5.0,1,0][1,19,6,0,6.0,1,0]
[2,40,0,1,0.2,1,0][3,22,1,1,1.2,1,0][2,40,2,1,2.2,1,0][3,22,3,1,3.2,1,0][2,40,4,1,4.2,1,0][3,22,5,1,5.2,1,0][2,40,6,1,6.2,1,0]
[3,22,0,2,0.4,1,0][2,40,1,2,1.4,1,0][3,22,2,2,2.4,1,0][2,40,3,2,3.4,1,0][3,22,4,2,4.4,1,0][2,40,5,2,5.4,1,0][3,22,6,2,6.4,1,0]
[4,24,0,3,0.6,1,0][1,19,1,3,1.6,1,0][4,24,2,3,2.6,1,0][1,19,3,3,3.6,1,0][4,24,4,3,4.6,1,0][1,19,5,3,5.6,1,0][4,24,6,3,6.6,1,0]
;
tile=Wave10
distance=1
start=0,3
time=1
type=2
speed=4
bonus=1,1,0
#Wave 10
# 2 khong sap xep theo hang cot
#*1*3*4*5*
#**2*4*6**
#*1011101*
#*3333333*
#*0110110*
[1,19,0,0,3,1,1][2,30,1,0,2,1,1][3,4,2,0,1,1,1][3,4,3,0,0,1,0][2,5,4,0,1,1,0][1,19,5,0,2,1,0]
[2,30,0,1,3,1,1][0,10,1,1,2,1,1][0,10,2,1,1,1,1][0,10,3,1,0,1,0][0,10,4,1,1,1,0][0,10,5,1,2,1,0]
[1,19,0,2,3,1,1][3,4,1,2,2,1,1][3,4,2,2,1,1,1][3,4,3,2,0,1,0][3,4,4,2,1,1,0][1,19,5,2,2,1,0]
[2,30,0,3,3,1,1][0,10,1,3,2,1,1][0,10,2,3,1,1,1][0,10,3,3,0,1,0][0,10,4,3,1,1,0][0,10,5,3,2,1,0]
[1,19,0,4,3,1,1][2,30,1,4,2,1,1][3,4,2,4,1,1,1][3,4,3,4,0,1,0][2,30,4,4,1,1,0][1,19,5,4,2,1,0]
;
tile=Wave11
start=5,1
time=1
speed=5
type=2
distance=1.1
bonus=1,1,1,2
#Wave 11
#0*0123456*
#1**12345**
#2***234***
#3****3****
#4**1*3*5**
[2,40,0,0,0,1,0][1,19,1,0,0,1,0][1,19,2,0,0,1,0][1,19,3,0,0,1,0][1,19,4,0,0,1,0][1,19,5,0,0,1,1][2,40,6,0,0,1,0]
[2,40,1,1,1,1,1][1,19,2,1,1,1,1][1,19,3,1,1,1,1][1,19,4,1,1,1,1][2,40,5,1,1,1,1]
[2,40,1,2,2,1,0][2,40,3,2,0,1,0][2,40,5,2,2,1,0]
[3,35,1,3,0,1,1][3,35,3,3,0,1,1][3,35,5,3,0,1,1]
[2,40,1,4,0,1,1][2,40,3,4,0,1,1][2,40,5,4,0,1,1]
;