#[0] Type
#[1] Health
#[2] dx
#[3] dy
#[4] Delay 
#[5] Speed
#[6] Arrow
#__________
tile=Wave1
start=5,1
time=2
type=1
speed=8
distance=1
save=[0,-3.6]
path=roll, roll2
bonus=1,1,5
#Wave 1
# Sap xep theo cot
#*0000000*
#*1111111*
#*0000000*
#*1111111*
#*0110110*
[1,5,0,0,0.0,1,1][2,7,1,0,1.0,1,1][1,5,2,0,2.0,1,1][2,7,3,0,3.0,1,1][1,5,4,0,4.0,1,0][2,7,5,0,5.0,1,0][1,5,6,0,6.0,1,0]
[2,7,0,1,0.2,1,1][8,3,1,1,1.2,1,1][2,7,2,1,2.2,1,1][8,3,3,1,3.2,1,1][2,7,4,1,4.2,0,0][8,3,5,1,5.2,1,0][2,7,6,1,6.2,1,0]
[1,5,0,2,0.4,1,1][2,7,1,2,1.4,1,1][1,5,2,2,2.4,1,1][2,7,3,2,3.4,1,0][1,5,4,2,4.4,1,0][2,7,5,2,5.4,1,0][1,5,6,2,6.4,1,0]
[2,7,0,3,0.6,1,1][8,3,1,3,1.6,1,1][2,7,2,3,2.6,1,1][8,3,3,3,3.6,0,0][2,7,4,3,4.6,1,0][8,3,5,3,5.6,1,0][2,7,6,3,6.6,1,0]
[1,5,0,4,0.8,1,1][2,7,1,4,1.8,1,1][1,5,2,4,2.8,1,1][2,7,3,4,3.8,1,0][1,5,4,4,4.8,1,0][2,7,5,4,5.8,1,0][1,5,6,4,6.8,1,0]
;
tile=Meteorite!
distance=1
start=0,0
time=1
type=2
thienthach=1
speed=1
bonus=1,1,1
#Wave 10
# 2 khong sap xep theo hang cot
#*1*3*4*5*
#**2*4*6**
#*1011101*
#*3333333*
#*0110110*
[3,2,0,0,1.0,1,0][0,1,1,0,1.0,1,0][2,2,2,0,2.0,1,0][2,6,3,0,4.0,1,0][0,6,3,0,3.3,1,1][0,2,5,0,1.6,1,1][3,4,6,0,2.6,1,1]
[0,1,0,1,1.2,1,0][2,25,1,1,2.2,1,0][1,20,2,1,2.2,1,0][2,5,3,1,4.2,1,0][3,1,2,1,1.4,1,1][1,1,5,1,1.8,1,1][1,5,6,1,2.8,1,1]
[2,3,0,2,1.4,1,0][1,3,2,2,3.0,1,0][2,3,2,2,2.4,1,0][0,5,1,2,1.9,1,1][1,5,4,2,1.0,1,1][3,1,5,2,2.0,1,1][1,2,6,2,3.0,1,1]
[0,1,0,3,1.6,1,0][3,3,1,3,2.6,1,0][3,1,2,3,2.6,1,0][3,1,1,3,5.2,1,1][0,2,4,3,1.2,1,1][1,2,5,3,2.2,1,1][1,1,6,3,3.3,1,1]
[3,1,0,4,2.2,1,0][2,1,2,4,2.8,1,0][1,3,2,4,1.2,1,0][0,2,3,4,5.4,1,1][1,5,4,4,0.2,1,1][3,1,5,4,2.4,1,1][3,1,6,4,3.4,1,1]
[3,3,0,5,2.3,1,0][2,2,2,5,2.8,1,0][1,3,2,5,1.2,1,0][0,1,1,3,5.4,1,1][1,5,4,5,0.2,1,1][3,7,5,5,2.4,1,1][3,2,6,5,3.4,1,1]
[2,3,0,6,1.4,1,0][1,3,1,6,3.0,1,0][2,1,2,6,2.4,1,0][0,2,3,6,1.9,1,1][1,5,4,6,1.0,1,1][3,1,5,6,2.0,1,1][1,2,6,6,3.0,1,1]
[1,3,0,7,1.4,1,0][3,3,1,7,3.0,1,0][1,1,2,7,2.4,1,0][0,1,3,7,1.9,1,1][1,5,4,7,1.0,1,1][2,1,5,7,2.0,1,1][3,1,6,7,3.0,1,1]
[3,3,0,7,1.4,1,0][2,30,2,7,2.4,1,0][0,2,3,7,1.9,1,1][2,1,5,7,4.0,1,1][0,1,6,7,3.0,1,1]
;
tile=Wave1
start=5,1
time=1
speed=7
type=1
bonus=1,1,3
#Wave 1
#__0123456_
#0**00*00**
#1*0220220*
#2*0222220*
#3**02220**
#4***020***
#5****0****
[0,8,1,0,0,1,0][0,8,2,0,0,1,0][0,8,4,0,0,1,1][0,8,5,0,0,1,0]
[0,8,0,1,0,1,0][1,12,1,1,0,1,0][1,12,2,1,0,1,0][0,8,3,1,0,1,0][1,12,4,1,0,1,0][1,12,5,1,0,1,0][0,8,6,1,0,1,0]
[0,8,0,2,0,1,0][1,12,1,2,0,1,0][1,12,2,2,0,1,0][1,12,3,2,0,1,0][1,12,4,2,0,1,0][1,12,5,2,0,1,0][0,8,6,2,0,1,0]
[0,8,1,3,0,1,0][1,12,2,3,0,1,0][1,12,3,3,0,1,0][1,12,4,3,0,1,0][0,8,5,3,0,1,0]
[0,8,2,4,0,1,0][1,12,3,4,0,1,0][0,8,4,4,0,1,0]
[1,12,3,5,0,1,0]
;
tile=Wave2
start=5,1
time=1
speed=5
type=2
distance=1.1
#Wave 13
#0*0123456*
#1**12345**
#2***234***
#3****3****
#4**1*3*5**
[2,10,0,0,0,1,0][1,2,1,0,0,1,0][1,2,2,0,0,1,0][1,2,3,0,0,1,0][1,2,4,0,0,1,0][1,2,5,0,0,1,1][2,10,6,0,0,1,0]
[2,10,1,1,1,1,1][1,2,2,1,1,1,1][1,2,3,1,1,1,1][1,2,4,1,1,1,1][2,10,5,1,1,1,1]
[2,10,1,2,2,1,0][6,3,3,3,2,0,1,0][2,10,5,2,2,1,0]
[3,12,1,3,0,1,1][3,12,3,3,0,1,1][3,12,6,3,0,1,1]
[2,10,1,4,0,1,1][2,10,3,4,0,1,1][2,10,6,4,0,1,1]
;
tile=Wave3
start=5,1
time=1
speed=7
type=1
bonus=0,1,3
#Wave 1
#__0123456_
#0**00*00**
#1*0220220*
#2*0222220*
#3**02220**
#4***020***
#5****0****
[0,15,1,0,0,1,0][0,15,2,0,0,1,0][0,15,4,0,0,1,1][0,15,5,0,0,1,1]
[0,15,0,1,0,1,0][1,12,1,1,0,1,0][1,12,2,1,0,1,0][0,15,3,1,0,1,0][1,12,4,1,0,1,1][1,12,5,1,0,1,1][0,15,6,1,0,1,1]
[0,15,0,2,0,1,0][1,12,1,2,0,1,0][1,12,2,2,0,1,0][1,12,3,2,0,1,1][1,12,4,2,0,1,1][1,12,5,2,0,1,1][0,15,6,2,0,1,1]
[0,15,1,3,0,1,0][1,12,2,3,0,1,0][1,12,3,3,0,1,0][1,12,4,3,0,1,1][0,15,5,3,0,1,1]
[0,15,2,4,0,1,0][1,12,3,4,0,1, 1][0,15,4,4,0,1, 1]
[1,12,3,5,0,1,0]
;
tile=Wave4
start=5,1
time=2
type=1
speed=7
distance=1
save=[0,-3.6]
path=bottom_1,bottom_2
#Wave 5
# Sap xep theo cot
#*0000000*
#*1111111*
#*0000000*
#*1111111*
#*0110110*
[4,30,0,0,0.0,1,1][3,19,1,0,1.0,1,1][4,30,2,0,2.0,1,1][3,19,3,0,3.0,1,1][4,30,4,0,4.0,1,0][3,19,5,0,5.0,1,0][4,30,6,0,6.0,1,0]
[3,19,0,1,0.2,1,1][3,30,2,1,2.2,1,1][3,19,4,1,4.2,1,0][3,19,6,1,6.2,1,0]
[4,30,0,2,0.4,1,1][3,19,1,2,1.4,1,1][4,30,2,2,2.4,1,1][3,19,3,2,3.4,1,0][4,30,4,2,4.4,1,0][3,19,5,2,5.4,1,0][4,30,6,2,6.4,1,0]
[3,19,0,3,0.6,1,1][3,19,2,3,2.6,1,1][3,19,4,3,4.6,1,0][3,19,6,3,6.6,1,0]
[4,30,0,4,0.8,1,1][3,19,1,4,1.8,1,1][4,30,2,4,2.8,1,1][3,19,3,4,3.8,1,0][4,30,4,4,4.8,1,0][3,19,5,4,5.8,1,0][4,30,6,4,6.8,1,0]
;
tile=Wave5
start=5,1
time=2
type=1
speed=8
distance=1
save=[0,-3.6]
path=2way,2way2
bonus=1,1,3
#Wave 5
# Sap xep theo cot
#*0000000*
#*1111111*
#*0000000*
#*1111111*
#*0110110*
[1,20,0,0,0.0,1,1][2,25,1,0,1.0,1,1][1,20,2,0,2.0,1,1][2,25,3,0,3.0,1,1][1,20,4,0,4.0,1,0][2,25,5,0,5.0,1,0][1,20,6,0,6.0,1,0]
[2,25,0,1,0.2,1,1][8,65,1,1,1.2,1,1][2,25,2,1,2.2,1,1][8,65,3,1,3.2,1,1][2,25,4,1,4.2,1,0][8,65,5,1,5.2,1,0][2,25,6,1,6.2,1,0]
[1,20,0,2,0.4,1,1][2,25,1,2,1.4,1,1][1,20,2,2,2.4,1,1][2,25,3,2,3.4,1,0][1,20,4,2,4.4,1,0][2,25,5,2,5.4,1,0][1,20,6,2,6.4,1,0]
[2,25,0,3,0.6,1,1][8,65,1,3,1.6,1,1][2,25,2,3,2.6,1,1][8,65,3,3,3.6,1,0][2,25,4,3,4.6,1,0][8,65,5,3,5.6,1,0][2,25,6,3,6.6,1,0]
[1,20,0,4,0.8,1,1][2,25,1,4,1.8,1,1][1,20,2,4,2.8,1,1][2,25,3,4,3.8,1,0][1,20,4,4,4.8,1,0][2,25,5,4,5.8,1,0][1,20,6,4,6.8,1,0]
;
tile=Wave6
start=5,1
speed=8
time=1
type=1
bonus=1,1,3
distance=1.1
#Wave 13
[1,25,0,0,0.0,1,0][4,40,1,0,1.0,1,0][1,25,2,0,2.0,1,0][4,40,3,0,3.0,1,0][1,25,4,0,4.0,1,0][4,40,5,0,5.0,1,0][1,25,6,0,6.0,1,0]
[2,9,0,1,0.2,1,0][2,9,1,1,1.2,1,0][2,9,2,1,2.2,1,0][2,9,3,1,3.2,1,0][2,9,4,1,4.2,1,0][2,9,5,1,5.2,1,0][2,9,6,1,6.2,1,0]
[3,11,0,2,0.4,1,0][3,11,1,2,1.4,1,0][3,11,2,2,2.4,1,0][3,11,3,2,3.4,1,0][3,11,4,2,4.4,1,0][3,11,5,2,5.4,1,0][3,11,6,2,6.4,1,0]
[3,11,0,3,0.6,1,0][3,11,1,3,1.6,1,0][3,11,2,3,2.6,1,0][3,11,3,3,3.6,1,0][3,11,4,3,4.6,1,0][3,11,5,3,5.6,1,0][3,11,6,3,6.6,1,0]
[3,11,0,4,0.8,1,0][3,11,1,4,1.8,1,0][3,11,2,4,2.8,1,0][3,11,3,4,3.8,1,0][3,11,4,4,4.8,1,0][3,11,5,4,5.8,1,0][3,11,6,4,6.8,1,0]
;
tile=Wave7
distance=1
start=0,3
time=1
type=2
speed=4
bonus=0,1,3
#Wave 2
# 2 khong sap xep theo hang cot
#*1*3*4*5*
#**2*4*6**
#*1011101*
#*3333333*
#*0110110*
[1,11,0,0,3,1,1][2,15,1,0,2,1,1][3,17,2,0,1,1,1][3,17,3,0,0,1,0][2,15,4,0,1,1,0][1,11,5,0,2,1,0]
[2,15,0,1,3,1,1][0,6,1,1,2,1,1][0,6,2,1,1,1,1][0,6,3,1,0,1,0][0,6,4,1,1,1,0][0,6,5,1,2,1,0]
[1,11,0,2,3,1,1][3,17,1,2,2,1,1][3,71,2,2,1,1,1][3,17,3,2,0,1,0][3,17,4,2,1,1,0][1,11,5,2,2,1,0]
[2,15,0,3,3,1,1][0,6,1,3,2,1,1][0,6,2,3,1,1,1][0,6,3,3,0,1,0][0,6,4,3,1,1,0][0,6,5,3,2,1,0]
[1,11,0,4,3,1,1][2,15,1,4,2,1,1][3,17,2,4,1,1,1][3,17,3,4,0,1,0][2,15,4,4,1,1,0][1,11,5,4,2,1,0]
;
tile=Wave8
start=5,1
time=2
type=1
speed=8
distance=1
save=[0,-3.6]
path=roll,roll2
bonus=0,2,3
loop=true
#Wave 5
# Sap xep theo cot
#*0000000*
#*1111111*
#*0000000*
#*1111111*
#*0110110*
[1,20,0,0,0.0,1,1][2,25,1,0,1.0,1,1][1,20,2,0,2.0,1,1][2,25,3,0,3.0,1,1][1,20,4,0,4.0,1,0][2,25,5,0,5.0,1,0][1,20,6,0,6.0,1,0]
[2,25,0,1,0.2,1,1][8,65,1,1,1.2,1,1][2,25,2,1,2.2,1,1][8,65,3,1,3.2,1,1][2,25,4,1,4.2,1,0][8,65,5,1,5.2,1,0][2,25,6,1,6.2,1,0]
[1,20,0,2,0.4,1,1][2,25,1,2,1.4,1,1][1,20,2,2,2.4,1,1][2,25,3,2,3.4,1,0][1,20,4,2,4.4,1,0][2,25,5,2,5.4,1,0][1,20,6,2,6.4,1,0]
[2,25,0,3,0.6,1,1][8,65,1,3,1.6,1,1][2,25,2,3,2.6,1,1][8,65,3,3,3.6,1,0][2,25,4,3,4.6,1,0][8,65,5,3,5.6,1,0][2,25,6,3,6.6,1,0]
[1,20,0,4,0.8,1,1][2,25,1,4,1.8,1,1][1,20,2,4,2.8,1,1][2,25,3,4,3.8,1,0][1,20,4,4,4.8,1,0][2,25,5,4,5.8,1,0][1,20,6,4,6.8,1,0]
;
tile=Wave9
start=5,1
time=2
type=1
speed=8
distance=1
save=[0,-3.6]
path=roll,roll2
bonus=1,2,3
#Wave 5
# Sap xep theo cot
#*0000000*
#*1111111*
#*0000000*
#*1111111*
#*0110110*
[1,20,0,0,0.0,1,1][2,25,1,0,1.0,1,1][1,20,2,0,2.0,1,1][2,25,3,0,3.0,1,1][1,20,4,0,4.0,1,0][2,25,5,0,5.0,1,0][1,20,6,0,6.0,1,0]
[2,25,0,1,0.2,1,1][8,65,1,1,1.2,1,1][2,25,2,1,2.2,1,1][8,65,3,1,3.2,1,1][2,25,4,1,4.2,1,0][8,65,5,1,5.2,1,0][2,25,6,1,6.2,1,0]
[1,20,0,2,0.4,1,1][2,25,1,2,1.4,1,1][1,20,2,2,2.4,1,1][2,25,3,2,3.4,1,0][1,20,4,2,4.4,1,0][2,25,5,2,5.4,1,0][1,20,6,2,6.4,1,0]
[2,25,0,3,0.6,1,1][8,65,1,3,1.6,1,1][2,25,2,3,2.6,1,1][8,65,3,3,3.6,1,0][2,25,4,3,4.6,1,0][8,65,5,3,5.6,1,0][2,25,6,3,6.6,1,0]
[1,20,0,4,0.8,1,1][2,25,1,4,1.8,1,1][1,20,2,4,2.8,1,1][2,25,3,4,3.8,1,0][1,20,4,4,4.8,1,0][2,25,5,4,5.8,1,0][1,20,6,4,6.8,1,0]
;
tile=Wave10
tile=Meteorite!
distance=1
start=0,0
time=1
type=2
thienthach=1
speed=1
#Wave 10
# 2 khong sap xep theo hang cot
#*1*3*4*5*
#**2*4*6**
#*1011101*
#*3333333*
#*0110110*
[3,2,0,0,1.0,1,0][0,1,1,0,1.0,1,0][2,50,2,0,2.0,1,0][2,6,3,0,4.0,1,0][0,6,3,0,3.3,1,1][0,2,5,0,1.6,1,1][3,6,6,0,2.6,1,1]
[0,1,0,1,1.2,1,0][2,25,1,1,2.2,1,0][1,20,2,1,2.2,1,0][2,5,3,1,4.2,1,0][3,3,2,1,1.4,1,1][1,1,5,1,1.8,1,1][1,5,6,1,2.8,1,1]
[2,3,0,2,1.4,1,0][1,3,2,2,3.0,1,0][2,3,2,2,2.4,1,0][0,5,1,2,1.9,1,1][1,5,4,2,1.0,1,1][3,30,5,2,2.0,1,1][1,5,6,2,3.0,1,1]
[0,1,0,3,1.6,1,0][3,3,1,3,2.6,1,0][3,1,2,3,2.6,1,0][3,19,1,3,3.2,1,1][0,20,4,3,1.2,1,1][1,15,5,3,2.2,1,1][1,5,6,3,3.3,1,1]
[3,20,0,4,2.2,1,0][2,50,2,4,2.8,1,0][1,3,2,4,1.2,1,0][0,5,3,4,5.4,1,1][1,5,4,4,0.2,1,1][3,7,5,4,2.4,1,1][3,3,6,4,3.4,1,1]
[3,3,0,5,2.3,1,0][2,15,2,5,2.8,1,0][1,3,2,5,1.2,1,0][0,5,1,3,2.4,1,1][1,5,4,5,0.2,1,1][3,7,5,5,2.4,1,1][3,6,6,5,3.4,1,1]
[2,3,0,6,1.4,1,0][1,3,1,20,3.0,1,0][2,30,2,6,2.4,1,0][0,30,3,6,1.9,1,1][1,5,4,6,1.0,1,1][3,1,5,6,2.0,1,1][1,30,6,6,3.0,1,1]
[1,3,0,7,1.4,1,0][3,3,1,7,3.0,1,0][1,30,2,7,2.4,1,0][0,30,3,7,1.9,1,1][1,5,4,30,1.0,1,1][2,1,5,7,2.0,1,1][3,30,6,7,3.0,1,1]
[3,3,0,7,1.4,1,0][2,30,2,7,2.4,1,0][0,30,3,7,1.9,1,1][2,1,5,7,4.0,1,1][0,30,6,7,3.0,1,1]
;