tile=Meteorite!
distance=1
start=0,-1
time=1
type=2
thienthach=1
speed=1
bonus=1,3,0,3
#Wave 1
# 2 khong sap xep theo hang cot
#*1*3*4*5*
#**2*4*6**
#*1011101*
#*3333333*
#*0110110*
[3,2,0,0,1.0,1,0][0,1,1,0,1.0,1,0][2,2,2,0,2.0,1,0][2,6,3,0,4.0,1,0][0,6,3,0,3.3,1,1][0,2,5,0,1.6,1,1][3,4,6,0,2.6,1,1]
[0,1,0,1,1.2,1,0][2,25,1,1,2.2,1,0][1,20,2,1,2.2,1,0][2,5,3,1,4.2,1,0][3,1,2,1,1.4,1,1][1,1,5,1,1.8,1,1][1,5,6,1,2.8,1,1]
[2,3,0,2,1.4,1,0][1,3,2,2,3.0,1,0][2,3,2,2,2.4,1,0][0,5,1,2,1.9,1,1][1,5,4,2,1.0,1,1][3,1,5,2,2.0,1,1][1,2,6,2,3.0,1,1]
[0,1,0,3,1.6,1,0][3,3,1,3,2.6,1,0][3,1,2,3,2.6,1,0][3,1,1,3,5.2,1,1][0,2,4,3,1.2,1,1][1,2,5,3,2.2,1,1][1,1,6,3,3.3,1,1]
[3,1,0,4,2.2,1,0][2,1,2,4,2.8,1,0][1,3,2,4,1.2,1,0][0,2,3,4,5.4,1,1][1,5,4,4,0.2,1,1][3,1,5,4,2.4,1,1][3,1,6,4,3.4,1,1]
[3,3,0,5,2.3,1,0][2,2,2,5,2.8,1,0][1,3,2,5,1.2,1,0][0,1,1,3,5.4,1,1][1,5,4,5,0.2,1,1][3,7,5,5,2.4,1,1][3,2,6,5,3.4,1,1]
[2,3,0,6,1.4,1,0][1,3,1,6,3.0,1,0][2,1,2,6,2.4,1,0][0,2,3,6,1.9,1,1][1,5,4,6,1.0,1,1][3,1,5,6,2.0,1,1][1,2,6,6,3.0,1,1]
[1,3,0,7,1.4,1,0][3,3,1,7,3.0,1,0][1,1,2,7,2.4,1,0][0,1,3,7,1.9,1,1][1,5,4,7,1.0,1,1][2,1,5,7,2.0,1,1][3,1,6,7,3.0,1,1]
[3,3,0,7,1.4,1,0][2,30,2,7,2.4,1,0][0,2,3,7,1.9,1,1][2,1,5,7,4.0,1,1][0,1,6,7,3.0,1,1]
;
tile=Meteorite!
distance=1
start=0,-1
time=1
type=2
thienthach=1
speed=1
bonus=0,3,4,2
#Wave 2
# 2 khong sap xep theo hang cot
#*1*3*4*5*
#**2*4*6**
#*1011101*
#*3333333*
#*0110110*
[0,1,1,0,1.0,1,0][2,2,2,0,2.0,1,0][2,6,3,0,4.0,1,0][0,6,3,0,3.3,1,1][0,2,5,0,1.6,1,1][3,4,6,0,2.6,1,1]
[0,1,0,1,1.2,1,0][2,25,1,1,2.2,1,0][1,20,2,1,2.2,1,0][3,1,2,1,1.4,1,1][1,1,5,1,1.8,1,1][1,5,6,1,2.8,1,1]
[2,3,0,2,1.4,1,0][1,3,2,2,3.0,1,0][2,3,2,2,2.4,1,0][0,5,1,2,1.9,1,1][1,5,4,2,1.0,1,1][3,1,5,2,2.0,1,1][1,2,6,2,3.0,1,1]
[0,1,0,3,1.6,1,0][3,1,2,3,2.6,1,0][3,1,1,3,5.2,1,1][0,2,4,3,1.2,1,1][1,2,5,3,2.2,1,1][1,1,6,3,3.3,1,1]
[3,1,0,4,2.2,1,0][2,1,2,4,2.8,1,0][1,3,2,4,1.2,1,0][0,2,3,4,5.4,1,1][1,5,4,4,0.2,1,1][3,1,5,4,2.4,1,1][3,1,6,4,3.4,1,1]
[3,3,0,5,2.3,1,0][2,2,2,5,2.8,1,0][1,3,2,5,1.2,1,0][0,1,1,3,5.4,1,1][1,5,4,5,0.2,1,1][3,7,5,5,2.4,1,1][3,2,6,5,3.4,1,1]
[1,3,1,6,3.0,1,0][2,1,2,6,2.4,1,0][0,2,3,6,1.9,1,1][1,5,4,6,1.0,1,1][3,1,5,6,2.0,1,1][1,2,6,6,3.0,1,1]
[1,3,0,7,1.4,1,0][3,3,1,7,3.0,1,0][1,1,2,7,2.4,1,0][0,1,3,7,1.9,1,1][2,1,5,7,2.0,1,1][3,1,6,7,3.0,1,1]
[2,30,2,7,2.4,1,0][0,2,3,7,1.9,1,1][2,1,5,7,4.0,1,1][0,1,6,7,3.0,1,1]
;
tile=Meteorite!
distance=1
start=0,-1
time=1
type=2
thienthach=1
speed=1
#Wave 3
# 2 khong sap xep theo hang cot
#*1*3*4*5*
#**2*4*6**
#*1011101*
#*3333333*
#*0110110*
[3,2,0,0,1.0,1,0][0,1,1,0,1.0,1,0][2,2,2,0,2.0,1,0][2,6,3,0,4.0,1,0][0,2,5,0,1.6,1,1][3,4,6,0,2.6,1,1]
[0,1,0,1,1.2,1,0][1,20,2,1,2.2,1,0][2,5,3,1,4.2,1,0][3,1,2,1,1.4,1,1][1,1,5,1,1.8,1,1][1,5,6,1,2.8,1,1]
[2,3,0,2,1.4,1,0][1,3,2,2,3.0,1,0][2,3,2,2,2.4,1,0][0,5,1,2,1.9,1,1][1,5,4,2,1.0,1,1][3,1,5,2,2.0,1,1][1,2,6,2,3.0,1,1]
[0,1,0,3,1.6,1,0][3,3,1,3,2.6,1,0][3,1,2,3,2.6,1,0][3,1,1,3,5.2,1,1][0,2,4,3,1.2,1,1][1,2,5,3,2.2,1,1][1,1,6,3,3.3,1,1]
[3,1,0,4,2.2,1,0][2,1,2,4,2.8,1,0][1,3,2,4,1.2,1,0][1,5,4,4,0.2,1,1][3,1,5,4,2.4,1,1][3,1,6,4,3.4,1,1]
[3,3,0,5,2.3,1,0][2,2,2,5,2.8,1,0][1,3,2,5,1.2,1,0][0,1,1,3,5.4,1,1][1,5,4,5,0.2,1,1][3,7,5,5,2.4,1,1][3,2,6,5,3.4,1,1]
[2,3,0,6,1.4,1,0][2,1,2,6,2.4,1,0][0,2,3,6,1.9,1,1][1,5,4,6,1.0,1,1][3,1,5,6,2.0,1,1][1,2,6,6,3.0,1,1]
[1,3,0,7,1.4,1,0][3,3,1,7,3.0,1,0][1,1,2,7,2.4,1,0][0,1,3,7,1.9,1,1][2,1,5,7,2.0,1,1][3,1,6,7,3.0,1,1]
[2,30,2,7,2.4,1,0][0,2,3,7,1.9,1,1][2,1,5,7,4.0,1,1][0,1,6,7,3.0,1,1]
;
tile=Enemy Wave!
start=5,-4
speed=10
distance=1.1
time=1
type=1
safe=[0,-3.6]
bonus=0,1,1,2
path=path13
#Wave 4
[3,3,0,0,0.0,1,0][3,3,1,0,1.0,1,0][3,3,2,0,2.0,1,0][3,3,3,0,3.0,1,0][3,3,4,0,4.0,1,0][3,3,5,0,5.0,1,0][3,3,6,0,6.0,1,0]
[5,4,0,1,0.2,1,0][5,4,1,1,1.2,1,0][5,4,2,1,2.2,1,0][5,4,3,1,3.2,1,0][5,4,4,1,4.2,1,0][5,4,5,1,5.2,1,0][5,4,6,1,6.2,1,0]
[5,4,0,2,0.4,1,0][5,4,1,2,1.4,1,0][5,4,2,2,2.4,1,0][5,4,3,2,3.4,1,0][5,4,4,2,4.4,1,0][5,4,5,2,5.4,1,0][5,4,6,2,6.4,1,0]
[5,4,0,3,0.6,1,0][5,4,1,3,1.6,1,0][5,4,2,3,2.6,1,0][5,4,3,3,3.6,1,0][5,4,4,3,4.6,1,0][5,4,5,3,5.6,1,0][5,4,6,3,6.6,1,0]
[5,4,0,4,0.8,1,0][5,4,1,4,1.8,1,0][5,4,2,4,2.8,1,0][5,4,3,4,3.8,1,0][5,4,4,4,4.8,1,0][5,4,5,4,5.8,1,0][5,4,6,4,6.8,1,0]
;
tile=Enemy Wave!
start=5,-4
speed=10
distance=1.1
time=1
type=1
safe=[0,-3.6]
bonus=1,1,1,2,3,4,5
path=acher2,archer
#Wave 5
[3,3,0,0,0.0,1,0][3,3,1,0,1.0,1,0][3,3,2,0,2.0,1,0][3,3,3,0,3.0,1,0][3,3,4,0,4.0,1,1][3,3,5,0,5.0,1,1][3,3,6,0,6.0,1,1]
[5,4,0,1,0.2,1,0][5,4,1,1,1.2,1,0][5,4,2,1,2.2,1,0][5,4,3,1,3.2,1,0][5,4,4,1,4.2,1,1][5,4,5,1,5.2,1,1][5,4,6,1,6.2,1,1]
[5,4,0,2,0.4,1,0][5,4,1,2,1.4,1,0][5,4,2,2,2.4,1,0][5,4,3,2,3.4,1,1][5,4,4,2,4.4,1,1][5,4,5,2,5.4,1,1][5,4,6,2,6.4,1,1]
[5,4,0,3,0.6,1,0][5,4,1,3,1.6,1,0][5,4,2,3,2.6,1,0][5,4,3,3,3.6,1,1][5,4,4,3,4.6,1,1][5,4,5,3,5.6,1,1][5,4,6,3,6.6,1,1]
[5,4,0,4,0.8,1,0][5,4,1,4,1.8,1,0][5,4,2,4,2.8,1,0][5,4,3,4,3.8,1,1][5,4,4,4,4.8,1,1][5,4,5,4,5.8,1,1][5,4,6,4,6.8,1,1]
;
tile=Enemy Wave!
start=5,-4
speed=10
distance=1.1
time=1
type=1
safe=[0,-3.6]
bonus=1,1,1,2,3,4,5
path=vcut1,vcut2
#Wave 6
[3,3,0,0,0.0,1,0][3,3,1,0,1.0,1,0][3,3,2,0,2.0,1,0][3,3,3,0,3.0,1,0][3,3,4,0,4.0,1,1][3,3,5,0,5.0,1,1][3,3,6,0,6.0,1,1]
[5,6,0,1,0.2,1,0][5,6,1,1,1.2,1,0][5,6,2,1,2.2,1,0][5,6,3,1,3.2,1,0][5,6,4,1,4.2,1,1][5,6,5,1,5.2,1,1][5,6,6,1,6.2,1,1]
[5,6,0,2,0.4,1,0][4,5,1,2,1.4,1,0][4,5,2,2,2.4,1,0][4,5,3,2,3.4,1,1][4,5,4,2,4.4,1,1][4,5,5,2,5.4,1,1][5,6,6,2,6.4,1,1]
[4,5,0,3,0.6,1,0][5,6,1,3,1.6,1,0][5,6,2,3,2.6,1,0][5,6,3,3,3.6,1,1][5,6,4,3,4.6,1,1][5,6,5,3,5.6,1,1][4,5,6,3,6.6,1,1]
[5,6,0,4,0.8,1,0][5,6,1,4,1.8,1,0][4,4,2,4,2.8,1,0][4,4,3,4,3.8,1,1][5,6,4,4,4.8,1,1][5,6,5,4,5.8,1,1][5,6,6,4,6.8,1,1]
;
tile=Wave9
start=5,1
time=2
type=1
speed=8
distance=1
save=[0,-3.6]
path=straight,straight1
bonus=0,1,1,2,3,4,5
#Wave 7
# Sap xep theo cot
#*0000000*
#*1111111*
#*0000000*
#*1111111*
#*0110110*
[4,6,0,0,0.0,1,1][5,8,1,0,1.0,1,1][4,6,2,0,2.0,1,1][5,8,3,0,3.0,1,1][4,6,4,0,4.0,1,0][5,8,5,0,5.0,1,0][4,8,6,0,6.0,1,0]
[5,8,0,1,0.2,1,1][4,6,1,1,1.2,1,1][5,8,2,1,2.2,1,1][4,6,3,1,3.2,1,1][5,8,4,1,4.2,1,0][4,6,5,1,5.2,1,0][5,8,6,1,6.2,1,0]
[4,6,0,2,0.4,1,1][5,8,1,2,1.4,1,1][4,6,2,2,2.4,1,1][5,8,3,2,3.4,1,0][4,6,4,2,4.4,1,0][5,8,5,2,5.4,1,0][4,8,6,2,6.4,1,0]
[5,8,0,3,0.6,1,1][4,6,1,3,1.6,1,1][5,8,2,3,2.6,1,1][4,6,3,3,3.6,1,0][5,8,4,3,4.6,1,0][4,6,5,3,5.6,1,0][5,8,6,3,6.6,1,0]
[4,6,0,4,0.8,1,1][5,8,1,4,1.8,1,1][4,6,2,4,2.8,1,1][5,8,3,4,3.8,1,0][4,6,4,4,4.8,1,0][5,8,5,4,5.8,1,0][4,8,6,4,6.8,1,0]
;
tile=Enemy Space!
start=5,1
time=1
speed=6
type=1
distance=1.2
bonus=0,1,1,2,3,4,5
#Wave 8
#0*0123456*
#1*0123456*
#2*0123456*
#3*0123456*
[6,10,1,1,0,1,1][6,10,6,1,3,1,0]
[6,10,3,2,6,1,0][6,10,4,2,9,1,1]
[6,10,1,3,12,1,1][6,10,6,3,15,1,0]
[6,10,3,4,18,1,0][6,10,4,4,21,1,1]
[11,10,1,5,1,1,0][11,10,2,5,1,1,0][11,10,3,5,1,1,0][11,10,4,5,0,1,0][11,10,5,5,0,1,0][11,10,6,5,0,1,0]
;
tile=Enemy Space!
start=5,1
time=1
speed=6
type=1
distance=1.2
bonus=0,1,1,2,3,4,5
#Wave 9
#0*0123456*
#1*0123456*
#2*0123456*
#3*0123456*
[16,12,1,1,0,1,1][6,12,6,1,3,1,0]
[6,12,3,2,6,1,0][16,12,4,2,9,1,1]
[16,12,1,3,12,1,1][6,12,6,3,15,1,0]
[6,12,3,4,18,1,0][16,12,4,4,21,1,1]
[11,11,1,5,1,1,0][11,11,2,5,1,1,0][11,11,3,5,1,1,0][11,11,4,5,0,1,0][11,11,5,5,0,1,0][11,11,6,5,0,1,0]
;
tile=Enemy Space!
start=5,1
time=1
speed=6
type=1
distance=1.0
bonus=0,1,1,2,3,4,5
#Wave 10
#0*0123456*
#1*0123456*
#2*0123456*
#3*0123456*
[16,12,1,1,0,1,1][16,12,6,1,3,1,0]
[16,12,3,2,6,1,0][16,12,4,2,9,1,1]
[16,12,1,3,12,1,1][16,12,6,3,15,1,0]
[16,12,3,4,18,1,0][16,12,4,4,21,1,1]
[11,15,1,5,1,1,0][15,11,2,5,1,1,0][11,15,3,5,1,1,0][11,15,4,5,0,1,0][11,15,5,5,0,1,0][11,15,6,5,0,1,0]
;
tile=Meteorite!
distance=1
start=0,-1
time=1
type=2
thienthach=1
speed=1
bonus=0,1,1,2,3,4,5
#Wave 11
# 2 khong sap xep theo hang cot
#*1*3*4*5*
#**2*4*6**
#*1011101*
#*3333333*
#*0110110*
[3,2,0,0,1.0,1,0][0,1,1,0,1.0,1,0][2,2,2,0,2.0,1,0][2,6,3,0,4.0,1,0][0,6,3,0,3.3,1,1][0,2,5,0,1.6,1,1][3,4,6,0,2.6,1,1]
[0,1,0,1,1.2,1,0][2,25,1,1,2.2,1,0][1,20,2,1,2.2,1,0][2,5,3,1,4.2,1,0][3,15,2,1,1.4,1,1][1,1,5,1,1.8,1,1][1,5,6,1,2.8,1,1]
[2,20,0,2,1.4,1,0][1,3,2,2,3.0,1,0][2,3,2,2,2.4,1,0][0,5,1,2,1.9,1,1][1,5,4,2,1.0,1,1][3,1,5,2,2.0,1,1][1,2,6,2,3.0,1,1]
[0,1,0,3,1.6,1,0][3,3,1,3,2.6,1,0][3,1,2,3,2.6,1,0][3,50,1,3,5.2,1,1][0,2,4,3,1.2,1,1][1,2,5,3,2.2,1,1][1,1,6,3,3.3,1,1]
[3,1,0,4,2.2,1,0][2,1,2,4,2.8,1,0][1,3,2,4,1.2,1,0][0,2,3,4,5.4,1,1][1,5,4,4,0.2,1,1][3,15,5,4,2.4,1,1][3,1,6,4,3.4,1,1]
[3,3,0,5,2.3,1,0][2,50,2,5,2.8,1,0][1,3,2,5,1.2,1,0][0,1,1,3,5.4,1,1][1,5,4,5,0.2,1,1][3,7,5,5,2.4,1,1][3,2,6,5,3.4,1,1]
[2,3,0,6,1.4,1,0][1,3,1,6,3.0,1,0][2,1,2,6,2.4,1,0][0,2,3,6,1.9,1,1][1,5,4,6,1.0,1,1][3,1,5,6,2.0,1,1][1,2,6,6,3.0,1,1]
[1,3,0,7,1.4,1,0][3,3,1,7,3.0,1,0][1,1,2,7,2.4,1,0][0,1,3,7,1.9,1,1][1,5,4,7,1.0,1,1][2,1,5,7,2.0,1,1][3,1,6,7,3.0,1,1]
[3,3,0,7,1.4,1,0][2,30,2,7,2.4,1,0][0,2,3,7,1.9,1,1][2,1,5,7,4.0,1,1][0,1,6,7,3.0,1,1]
;
tile=Meteorite!
distance=1
start=0,-1
time=1
type=2
thienthach=1
speed=1
bonus=1,1,1,2,3,4,5
#Wave 12
# 2 khong sap xep theo hang cot
#*1*3*4*5*
#**2*4*6**
#*1011101*
#*3333333*
#*0110110*
[3,2,0,0,1.0,1,0][0,1,1,0,1.0,1,0][2,2,2,0,2.0,1,0][2,6,3,0,4.0,1,0][0,6,3,0,3.3,1,1][0,2,5,0,1.6,1,1][3,4,6,0,2.6,1,1]
[0,1,0,1,1.2,1,0][2,25,1,1,2.2,1,0][1,20,2,1,2.2,1,0][2,5,3,1,4.2,1,0][3,1,2,1,1.4,1,1][1,1,5,1,1.8,1,1][1,5,6,1,2.8,1,1]
[2,3,0,2,1.4,1,0][1,3,2,2,3.0,1,0][2,3,2,2,2.4,1,0][0,5,1,2,1.9,1,1][1,5,4,2,1.0,1,1][3,1,5,2,2.0,1,1][1,2,6,2,3.0,1,1]
[0,1,0,3,1.6,1,0][3,3,1,3,2.6,1,0][3,1,2,3,2.6,1,0][3,40,1,3,5.2,1,1][0,2,4,3,1.2,1,1][1,2,5,3,2.2,1,1][1,1,6,3,3.3,1,1]
[3,1,0,4,2.2,1,0][2,1,2,4,2.8,1,0][1,3,2,4,1.2,1,0][0,2,3,4,5.4,1,1][1,5,4,4,0.2,1,1][3,1,5,4,2.4,1,1][3,40,6,4,3.4,1,1]
[3,3,0,5,2.3,1,0][2,2,2,5,2.8,1,0][1,3,2,5,1.2,1,0][0,1,1,3,5.4,1,1][1,5,4,5,0.2,1,1][3,7,5,5,2.4,1,1][3,2,6,5,3.4,1,1]
[2,3,0,6,1.4,1,0][1,3,1,6,3.0,1,0][2,1,2,6,2.4,1,0][0,2,3,6,1.9,1,1][1,5,4,6,1.0,1,1][3,1,5,6,2.0,1,1][1,2,6,6,3.0,1,1]
[1,3,0,7,1.4,1,0][3,3,1,7,3.0,1,0][1,1,2,7,2.4,1,0][0,1,3,7,1.9,1,1][1,5,4,7,1.0,1,1][2,1,5,7,2.0,1,1][3,1,6,7,3.0,1,1]
[3,40,0,7,1.4,1,0][2,30,2,7,2.4,1,0][0,2,3,7,1.9,1,1][2,1,5,7,4.0,1,1][0,1,6,7,3.0,1,1]
;
tile=Meteorite!
distance=1
start=0,-1
time=1
type=2
thienthach=1
speed=1
bonus=1,1,1,2,3,4,5
#Wave 13
# 2 khong sap xep theo hang cot
#*1*3*4*5*
#**2*4*6**
#*1011101*
#*3333333*
#*0110110*
[3,2,0,0,1.0,1,0][0,1,1,0,1.0,1,0][2,1,2,0,2.0,1,0][2,6,3,0,4.0,1,0][0,6,3,0,3.3,1,1][0,2,5,0,1.6,1,1][3,6,6,0,2.6,1,1]
[0,1,0,1,1.2,1,0][2,25,1,1,2.2,1,0][1,2,2,1,2.2,1,0][2,5,3,1,4.2,1,0][3,3,2,1,1.4,1,1][1,1,5,1,1.8,1,1][1,5,6,1,2.8,1,1]
[2,3,0,2,1.4,1,0][1,3,2,2,3.3,1,0][2,3,2,2,2.4,1,0][0,5,1,2,1.9,1,1][1,5,4,2,1.0,1,1][3,1,5,2,2.0,1,1][1,5,6,2,3.0,1,1]
[0,1,0,3,1.7,1,0][3,3,1,3,2.6,1,0][3,1,2,3,2.6,1,0][3,5,1,3,5.2,1,1][0,1,4,3,1.2,1,1][1,2,5,3,2.2,1,1][1,5,6,3,3.3,1,1]
[3,4,0,4,2.2,1,0][2,2,2,4,2.8,1,0][1,1,2,4,1.2,1,0][0,1,3,4,5.4,1,1][1,5,4,4,0.2,1,1][3,1,5,4,2.4,1,1][3,2,6,4,3.4,1,1]
[3,3,0,5,2.3,1,0][2,15,2,5,2.8,1,0][1,1,2,5,1.2,1,0][0,1,1,3,5.4,1,1][1,5,4,5,0.2,1,1][3,1,5,5,2.4,1,1][3,6,6,5,3.4,1,1]
[2,3,0,6,1.9,1,0][1,1,1,6,3.1,1,0][2,2,2,6,2.9,1,0][0,2,3,6,1.9,1,1][1,5,4,6,1.0,1,1][3,1,5,6,2.3,1,1][1,2,6,6,3.5,1,1]
[1,1,0,7,1.5,1,0][3,3,1,7,3.0,1,0][1,2,2,7,2.5,1,0][0,2,3,7,1.9,1,1][1,5,4,7,1.0,1,1][2,1,5,7,2.0,1,1][3,2,6,7,3.0,1,1]
[3,1,0,7,1.3,1,0][2,3,2,7,2.4,1,0][0,2,3,7,1.9,1,1][2,1,5,7,4.0,1,1][0,3,6,7,3.0,1,1]
;
tile=Enemy Fly 123!
start=5,1
time=1
speed=5
type=2
distance=1.1
bonus=1,1,1,2,3,4,5
#Wave 14
#0*0123456*
#1**12345**
#2***234***
#3****3****
#4**1*3*5**
[5,25,0,0,0,1,0][1,20,1,0,0,1,0][1,20,2,0,0,1,0][1,20,3,0,0,1,0][1,20,4,0,0,1,0][1,20,5,0,0,1,1][5,25,6,0,0,1,0]
[5,25,1,1,1,1,1][1,20,2,1,1,1,1][1,20,3,1,1,1,1][1,20,4,1,1,1,1][5,25,5,1,1,1,1]
[5,25,1,2,2,1,0][6,30,3,2,0,1,0][5,25,5,2,2,1,0]
[6,30,1,3,0,1,1][3,27,3,3,0,1,1][6,30,5,3,0,1,1]
[8,40,1,4,0,1,1][8,40,3,4,0,1,1][8,40,5,4,0,1,1]
;
tile=Enemy Fly 123!
start=5,1
time=1
speed=5
type=2
distance=1.1
bonus=1,1,1,2,3,4,5
#Wave 15
#0*0123456*
#1**12345**
#2***234***
#3****3****
#4**1*3*5**
[5,25,0,0,0,1,0][1,20,1,0,0,1,0][1,20,2,0,0,1,0][1,20,3,0,0,1,0][1,20,4,0,0,1,0][1,20,5,0,0,1,1][5,25,6,0,0,1,0]
[5,25,1,1,1,1,1][1,20,2,1,1,1,1][1,20,3,1,1,1,1][1,20,4,1,1,1,1][5,25,5,1,1,1,1]
[5,25,1,2,2,1,0][8,30,3,2,0,1,0][5,25,5,2,2,1,0]
[8,30,1,3,0,1,1][3,27,3,3,0,1,1][8,30,5,3,0,1,1]
[11,40,1,4,0,1,1][11,40,3,4,0,1,1][11,40,5,4,0,1,1]
;
tile=Enemy Fly 123!
start=5,1
time=1
speed=5
type=2
distance=1.1
bonus=1,1,1,2,3,4,5
#Wave 15
#0*0123456*
#1**12345**
#2***234***
#3****3****
#4**1*3*5**
[5,30,0,0,0,1,0][1,20,1,0,0,1,0][1,20,2,0,0,1,0][1,20,3,0,0,1,0][1,20,4,0,0,1,0][1,20,5,0,0,1,1][5,30,6,0,0,1,0]
[5,30,1,1,1,1,1][1,20,2,1,1,1,1][1,20,3,1,1,1,1][1,20,4,1,1,1,1][5,30,5,1,1,1,1]
[5,30,1,2,2,1,0][8,40,3,2,0,1,0][5,30,5,2,2,1,0]
[8,40,1,3,0,1,1][3,27,3,3,0,1,1][8,40,5,3,0,1,1]
[11,45,1,4,0,1,1][8,45,3,4,0,1,1][11,45,5,4,0,1,1]
;