tile=Enemy Run!
start=5,1
time=1
type=1
speed=4
distance=1
bonus=1,1,3
#Wave 1
# Sap xep theo cot
#*4010104*
#*1142411*
#*1011101*
#*3333333*
#*0110110*
[2,8,0,0,0,1,0][1,5,1,0,0,1,0][2,8,2,0,0,1,0][1,5,3,0,0,1,0][2,8,4,0,0,1,0][1,5,5,0,0,1,0][2,8,6,0,0,1,0]
[2,8,0,1,0,1,1][1,5,1,1,0,1,1][2,8,2,1,0,1,1][1,5,3,1,0,1,1][2,8,4,1,0,1,1][1,5,5,1,0,1,1][2,8,6,1,0,1,1]
[2,8,0,2,2,1,0][1,5,1,2,2,1,0][2,8,2,2,2,1,0][1,5,3,2,2,1,0][2,8,4,2,2,1,0][1,5,5,2,2,1,0][2,8,6,2,2,1,0]
[2,8,0,3,2,1,1][1,5,1,3,2,1,1][2,8,2,3,2,1,1][1,5,3,3,2,1,1][2,8,4,3,2,1,1][1,5,5,3,2,1,1][2,8,6,3,2,1,1]
[11,20,0,4,1,1,0][11,15,1,4,1,1,0][11,15,2,4,1,1,0][11,15,3,4,1,1,0][11,15,4,4,0,1,0][11,15,5,4,0,1,0][11,15,6,4,0,1,0]
;
tile=Enemy Run!
start=5,1
time=1
type=1
speed=4
distance=1
#Wave 2
# Sap xep theo cot
#*4010104*
#*1142411*
#*1011101*
#*3333333*
#*0110110*
[0,2,0,0,0,1,0][0,2,1,0,0,1,0][0,2,2,0,0,1,0][0,2,3,0,0,1,0][0,2,4,0,0,1,0][0,2,5,0,0,1,0][0,2,6,0,0,1,0]
[0,2,0,1,0,1,1][0,2,1,1,0,1,1][0,2,2,1,0,1,1][0,2,3,1,0,1,1][0,2,4,1,0,1,1][0,2,5,1,0,1,1][0,2,6,1,0,1,1]
[0,2,0,2,2,1,0][0,2,1,2,2,1,0][0,2,2,2,2,1,0][0,2,3,2,2,1,0][0,2,4,2,2,1,0][0,2,5,2,2,1,0][0,2,6,2,2,1,0]
[0,2,0,3,2,1,1][0,2,1,3,2,1,1][0,2,2,3,2,1,1][0,2,3,3,2,1,1][0,2,4,3,2,1,1][0,2,5,3,2,1,1][0,2,6,3,2,1,1]
[11,10,0,4,1,1,0][11,10,1,4,1,1,0][11,10,2,4,1,1,0][11,10,3,4,1,1,0][11,10,4,4,0,1,0][11,10,5,4,0,1,0][11,10,6,4,0,1,0]
;
tile=Enemy Run!
start=5,1
time=1
type=1
speed=4
distance=1
#Wave 3
# Sap xep theo cot
#*4010104*
#*1142411*
#*1011101*
#*3333333*
#*0110110*
[1,5,0,0,0,1,0][1,5,1,0,0,1,0][1,5,2,0,0,1,0][1,5,3,0,0,1,0][1,5,4,0,0,1,0][1,5,5,0,0,1,0][1,5,6,0,0,1,0]
[1,5,0,1,0,1,1][1,5,1,1,0,1,1][1,5,2,1,0,1,1][1,5,3,1,0,1,1][1,5,4,1,0,1,1][1,5,5,1,0,1,1][1,5,6,1,0,1,1]
[1,5,0,2,2,1,0][1,5,1,2,2,1,0][1,5,2,2,2,1,0][1,5,3,2,2,1,0][1,5,4,2,2,1,0][1,5,5,2,2,1,0][1,5,6,2,2,1,0]
[1,5,0,3,2,1,1][1,5,1,3,2,1,1][1,5,2,3,2,1,1][1,5,3,3,2,1,1][1,5,4,3,2,1,1][1,5,5,3,2,1,1][1,5,6,3,2,1,1]
[11,15,0,4,1,1,0][11,15,1,4,1,1,0][11,15,2,4,1,1,0][11,15,3,4,1,1,0][11,15,4,4,0,1,0][11,15,5,4,0,1,0][11,15,6,4,0,1,0]
;
tile=Enemy Run!
start=5,1
time=1
type=1
speed=4
distance=1
#Wave 4
# Sap xep theo cot
#*4010104*
#*1142411*
#*1011101*
#*3333333*
#*0110110*
[2,8,0,0,0,1,0][1,5,1,0,0,1,0][2,8,2,0,0,1,0][1,5,3,0,0,1,0][2,8,4,0,0,1,0][1,5,5,0,0,1,0][2,8,6,0,0,1,0]
[2,8,0,1,0,1,1][1,5,1,1,0,1,1][2,8,2,1,0,1,1][1,5,3,1,0,1,1][2,8,4,1,0,1,1][1,5,5,1,0,1,1][2,8,6,1,0,1,1]
[2,8,0,2,2,1,0][1,5,1,2,2,1,0][2,8,2,2,2,1,0][1,5,3,2,2,1,0][2,8,4,2,2,1,0][1,5,5,2,2,1,0][2,8,6,2,2,1,0]
[2,8,0,3,2,1,1][1,5,1,3,2,1,1][2,8,2,3,2,1,1][1,5,3,3,2,1,1][2,8,4,3,2,1,1][1,5,5,3,2,1,1][2,8,6,3,2,1,1]
[11,20,0,4,1,1,0][11,15,1,4,1,1,0][11,15,2,4,1,1,0][11,15,3,4,1,1,0][11,15,4,4,0,1,0][11,15,5,4,0,1,0][11,15,6,4,0,1,0]
;
tile=Enemy Run!
start=5,1
time=1
type=1
speed=4
distance=1
#Wave 5
# Sap xep theo cot
#*4010104*
#*1142411*
#*1011101*
#*3333333*
#*0110110*
[2,8,0,0,0,1,0][1,5,1,0,0,1,0][2,8,2,0,0,1,0][1,5,3,0,0,1,0][2,8,4,0,0,1,0][1,5,5,0,0,1,0][2,8,6,0,0,1,0]
[2,8,0,1,0,1,1][2,8,2,1,0,1,1][2,8,4,1,0,1,1][2,8,6,1,0,1,1]
[2,8,0,2,2,1,0][12,15,1,2,2,1,0][2,8,2,2,2,1,0][12,15,3,2,2,1,0][2,8,4,2,2,1,0][12,15,5,2,2,1,0][2,8,6,2,2,1,0]
[2,10,0,3,2,1,1][2,10,2,3,2,1,1][2,10,4,3,2,1,1][2,10,6,3,2,1,1]
[3,22,0,4,1,1,0][3,22,1,4,1,1,0][3,22,2,4,1,1,0][3,22,3,4,1,1,0][3,22,4,4,0,1,0][3,22,5,4,0,1,0][3,22,6,4,0,1,0]
;
tile=Enemy Run!
start=5,1
time=1
type=1
speed=4
distance=1
bonus=1,1,3
#Wave 6
# Sap xep theo cot
#*4010104*
#*1142411*
#*1011101*
#*3333333*
#*0110110*
[2,10,0,0,0,1,0][1,8,1,0,0,1,0][2,10,2,0,0,1,0][1,8,3,0,0,1,0][2,10,4,0,0,1,0][1,8,5,0,0,1,0][2,10,6,0,0,1,0]
[2,10,0,1,0,1,1][2,10,2,1,0,1,1][2,10,4,1,0,1,1][2,10,6,1,0,1,1]
[2,10,0,2,2,1,0][12,15,1,2,2,1,0][2,10,2,2,2,1,0][12,15,3,2,2,1,0][2,10,4,2,2,1,0][12,15,5,2,2,1,0][2,10,6,2,2,1,0]
[2,10,0,3,2,1,1][2,10,2,3,2,1,1][2,10,4,3,2,1,1][2,10,6,3,2,1,1]
[11,25,0,4,1,1,0][11,25,1,4,1,1,0][11,25,2,4,1,1,0][11,25,3,4,1,1,0][11,25,4,4,0,1,0][11,25,5,4,0,1,0][11,25,6,4,0,1,0]
;
tile=Enemy Run!
start=5,1
time=2
type=1
speed=9
distance=1.1
save=[0,-3.6]
bonus=0,1,7,4
#Wave 7
# Sap xep theo cot
#*0000000*
#*1111111*
#*0000000*
#*1111111*
#*0110110*
[4,18,0,0,0.0,1,1][2,15,1,0,1.0,1,1][4,18,2,0,2.0,1,1][2,15,3,0,3.0,1,1][4,18,4,0,0.6,1,0][2,15,5,0,1.6,1,0][4,18,6,0,2.6,1,0]
[2,15,0,1,0.2,1,1][8,30,1,1,1.2,1,1][2,15,2,1,2.2,1,1][8,30,3,1,3.2,1,1][2,15,4,1,0.8,1,0][8,30,5,1,1.8,1,0][2,15,6,1,2.8,1,0]
[4,18,0,2,0.4,1,1][2,15,1,2,1.4,1,1][4,18,2,2,2.4,1,1][2,15,3,2,0.0,1,0][4,18,4,2,1.0,1,0][2,15,5,2,2.0,1,0][4,18,6,2,3.0,1,0]
[2,15,0,3,0.6,1,1][8,30,1,3,1.6,1,1][2,15,2,3,2.6,1,1][8,30,3,3,0.2,1,0][2,15,4,3,1.2,1,0][8,30,5,3,2.2,1,0][1,15,6,3,3.2,1,0]
[11,30,0,4,0.8,1,1][11,30,1,4,1.8,1,1][11,30,2,4,2.8,1,1][11,30,3,4,0.4,1,0][11,30,4,4,1.4,1,0][11,30,5,4,2.4,1,0][11,30,6,4,3.4,1,0]
;
tile=Enemy Run!
start=5,1
time=2
type=1
speed=9
distance=1.1
save=[0,-3.6]
bonus=0,1,1,4
#Wave 8
# Sap xep theo cot
#*0000000*
#*1111111*
#*0000000*
#*1111111*
#*0110110*
[7,25,0,0,0.0,1,1][3,15,1,0,1.0,1,1][7,25,2,0,2.0,1,1][3,15,3,0,3.0,1,1][7,25,4,0,0.6,1,0][3,15,5,0,1.6,1,0][7,25,6,0,2.6,1,0]
[3,15,0,1,0.2,1,1][7,25,1,1,1.2,1,1][3,15,2,1,2.2,1,1][7,25,3,1,3.2,1,1][3,15,4,1,0.8,1,0][7,25,5,1,1.8,1,0][3,15,6,1,2.8,1,0]
[7,25,0,2,0.4,1,1][3,15,1,2,1.4,1,1][7,25,2,2,2.4,1,1][3,15,3,2,0.0,1,0][7,25,4,2,1.0,1,0][3,15,5,2,2.0,1,0][7,25,6,2,3.0,1,0]
[3,15,0,3,0.6,1,1][7,25,1,3,1.6,1,1][3,15,2,3,2.6,1,1][7,25,3,3,0.2,1,0][3,15,4,3,1.2,1,0][7,25,5,3,2.2,1,0][3,15,6,3,3.2,1,0]
[11,30,0,4,0.8,1,1][11,30,1,4,1.8,1,1][11,30,2,4,2.8,1,1][11,30,3,4,0.4,1,0][11,30,4,4,1.4,1,0][11,30,5,4,2.4,1,0][11,30,6,4,3.4,1,0]
;
tile=Enemy Run!
start=5,1
time=2
type=1
speed=6
distance=1.1
save=[0,-3.6]
bonus=0,1,0,2
#Wave 9
# Sap xep theo cot
#*0000000*
#*1111111*
#*0000000*
#*1111111*
#*0110110*
[4,18,0,0,0.0,1,1][2,15,1,0,1.0,1,1][4,18,2,0,2.0,1,1][2,15,3,0,3.0,1,1][4,18,4,0,0.6,1,0][2,15,5,0,1.6,1,0][4,18,6,0,2.6,1,0]
[2,15,0,1,0.2,1,1][16,30,1,1,1.2,1,1][2,15,2,1,2.2,1,1][16,30,3,1,3.2,1,1][2,15,4,1,0.8,1,0][16,30,5,1,1.8,1,0][2,15,6,1,2.8,1,0]
[4,18,0,2,0.4,1,1][2,15,1,2,1.4,1,1][4,18,2,2,2.4,1,1][2,15,3,2,0.0,1,0][4,18,4,2,1.0,1,0][2,15,5,2,2.0,1,0][4,18,6,2,3.0,1,0]
[2,15,0,3,0.6,1,1][16,30,1,3,1.6,1,1][2,15,2,3,2.6,1,1][16,30,3,3,0.2,1,0][2,15,4,3,1.2,1,0][16,30,5,3,2.2,1,0][1,15,6,3,3.2,1,0]
[11,30,0,4,0.8,1,1][11,30,1,4,1.8,1,1][11,30,2,4,2.8,1,1][11,30,3,4,0.4,1,0][11,30,4,4,1.4,1,0][11,30,5,4,2.4,1,0][11,30,6,4,3.4,1,0]
;
tile=Enemy Run!
start=5,1
time=1
type=1
speed=4
distance=1.1
#Wave 10
# Sap xep theo cot
#*4010104*
#*1142411*
#*1011101*
#*3333333*
#*0110110*
[5,22,0,0,0,1,0][1,15,1,0,0,1,0][5,22,2,0,0,1,0][1,15,3,0,0,1,0][5,22,4,0,0,1,0][1,15,5,0,0,1,0][5,22,6,0,0,1,0]
[5,22,0,1,0,1,1][5,22,2,1,0,1,1][5,22,4,1,0,1,1][5,22,6,1,0,1,1]
[5,22,0,2,2,1,0][16,15,1,2,2,1,0][5,22,2,2,2,1,0][16,15,3,2,2,1,0][5,22,4,2,2,1,0][16,15,5,2,2,1,0][5,22,6,2,2,1,0]
[5,22,0,3,2,1,1][5,22,2,3,2,1,1][5,22,4,3,2,1,1][5,22,6,3,2,1,1]
[11,35,0,4,1,1,0][11,35,1,4,1,1,0]11,35,2,4,1,1,0][11,35,3,4,1,1,0][11,35,4,4,0,1,0][11,35,5,4,0,1,0][11,35,6,4,0,1,0]
;
tile=Enemy Run!
start=5,1
time=1
type=1
speed=4
distance=1.0
#Wave 11
# Sap xep theo cot
#*4010104*
#*1142411*
#*1011101*
#*3333333*
#*0110110*
[5,22,0,0,0,1,0][1,15,1,0,0,1,0][5,22,2,0,0,1,0][1,15,3,0,0,1,0][5,22,4,0,0,1,0][1,15,5,0,0,1,0][5,22,6,0,0,1,0]
[5,22,0,1,0,1,1][5,22,2,1,0,1,1][5,22,4,1,0,1,1][5,22,6,1,0,1,1]
[5,22,0,2,2,1,0][16,15,1,2,2,1,0][5,22,2,2,2,1,0][16,15,3,2,2,1,0][5,22,4,2,2,1,0][16,15,5,2,2,1,0][5,22,6,2,2,1,0]
[5,22,0,3,2,1,1][5,22,2,3,2,1,1][5,22,4,3,2,1,1][5,22,6,3,2,1,1]
[11,40,0,4,1,1,0][11,40,1,4,1,1,0]11,40,2,4,1,1,0][11,40,3,4,1,1,0][11,40,4,4,0,1,0][11,40,5,4,0,1,0][11,40,6,4,0,1,0]
;
tile=Enemy Run!
start=5,1
time=1
type=1
speed=4
distance=1.1
#Wave 12
# Sap xep theo cot
#*4010104*
#*1142411*
#*1011101*
#*3333333*
#*0110110*
[7,25,0,0,0,1,0][1,15,1,0,0,1,0][7,25,2,0,0,1,0][1,15,3,0,0,1,0][7,25,4,0,0,1,0][1,15,5,0,0,1,0][7,25,6,0,0,1,0]
[7,25,0,1,0,1,1][7,25,2,1,0,1,1][7,25,4,1,0,1,1][7,25,6,1,0,1,1]
[7,25,0,2,2,1,0][16,15,1,2,2,1,0][7,25,2,2,2,1,0][16,15,3,2,2,1,0][7,25,4,2,2,1,0][16,15,5,2,2,1,0][7,25,6,2,2,1,0]
[7,25,0,3,2,1,1][7,25,2,3,2,1,1][7,25,4,3,2,1,1][7,25,6,3,2,1,1]
[11,35,0,4,1,1,0][11,35,1,4,1,1,0]11,35,2,4,1,1,0][11,35,3,4,1,1,0][11,35,4,4,0,1,0][11,35,5,4,0,1,0][11,35,6,4,0,1,0]
;
tile=Enemy Run!
start=5,1
time=1
type=1
speed=4
distance=1.1
bonus=1,1,2,3
#Wave 13
# Sap xep theo cot
#*4010104*
#*1142411*
#*1011101*
#*3333333*
#*0110110*
[7,25,0,0,0,1,0][1,15,1,0,0,1,0][7,25,2,0,0,1,0][1,15,3,0,0,1,0][7,25,4,0,0,1,0][1,15,5,0,0,1,0][7,25,6,0,0,1,0]
[7,25,0,1,0,1,1][7,25,2,1,0,1,1][7,25,4,1,0,1,1][7,25,6,1,0,1,1]
[7,25,0,2,2,1,0][6,15,1,2,2,1,0][7,25,2,2,2,1,0][6,15,3,2,2,1,0][7,25,4,2,2,1,0][6,15,5,2,2,1,0][7,25,6,2,2,1,0]
[7,25,0,3,2,1,1][7,25,2,3,2,1,1][7,25,4,3,2,1,1][7,25,6,3,2,1,1]
[11,35,0,4,1,1,0][11,35,1,4,1,1,0]11,35,2,4,1,1,0][11,35,3,4,1,1,0][11,35,4,4,0,1,0][11,35,5,4,0,1,0][11,35,6,4,0,1,0]
;
tile=Enemy Wave!
start=5,-4
speed=10
distance=1.1
time=1
type=1
safe=[0,-3.6]
bonus=0,1,1,2
path=path13
#Wave 14
[3,13,0,0,0.0,1,0][3,13,1,0,1.0,1,0][3,13,2,0,2.0,1,0][3,13,3,0,3.0,1,0][3,13,4,0,4.0,1,0][3,13,5,0,5.0,1,0][3,13,6,0,6.0,1,0]
[5,55,0,1,0.2,1,0][5,55,1,1,1.2,1,0][5,55,2,1,2.2,1,0][5,55,3,1,3.2,1,0][5,55,4,1,4.2,1,0][5,55,5,1,5.2,1,0][5,55,6,1,6.2,1,0]
[5,55,0,2,0.4,1,0][5,55,1,2,1.4,1,0][5,55,2,2,2.4,1,0][5,55,3,2,3.4,1,0][5,55,4,2,4.4,1,0][5,55,5,2,5.4,1,0][5,55,6,2,6.4,1,0]
[5,55,0,3,0.6,1,0][5,55,1,3,1.6,1,0][5,55,2,3,2.6,1,0][5,55,3,3,3.6,1,0][5,55,4,3,4.6,1,0][5,55,5,3,5.6,1,0][5,55,6,3,6.6,1,0]
[5,55,0,4,0.8,1,0][5,55,1,4,1.8,1,0][5,55,2,4,2.8,1,0][5,55,3,4,3.8,1,0][5,55,4,4,4.8,1,0][5,55,5,4,5.8,1,0][5,55,6,4,6.8,1,0]
;
tile=Enemy Wave!
start=5,-4
speed=10
distance=1.1
time=1
type=1
safe=[0,-3.6]
bonus=0,1,1,5
path=acher2,archer
#Wave 15
[3,13,0,0,0.0,1,0][3,13,1,0,1.0,1,0][3,13,2,0,2.0,1,0][3,13,3,0,3.0,1,0][3,13,4,0,0.6,1,1][3,13,5,0,1.6,1,1][3,13,6,0,2.6,1,1]
[5,55,0,1,0.2,1,0][5,55,1,1,1.2,1,0][5,55,2,1,2.2,1,0][5,55,3,1,3.2,1,0][5,55,4,1,0.8,1,1][5,55,5,1,1.8,1,1][5,55,6,1,2.8,1,1]
[5,55,0,2,0.4,1,0][5,55,1,2,1.4,1,0][5,55,2,2,2.4,1,0][5,55,3,2,0.0,1,1][5,55,4,2,1.0,1,1][5,55,5,2,2.0,1,1][5,55,6,2,3.0,1,1]
[5,55,0,3,0.6,1,0][5,55,1,3,1.6,1,0][5,55,2,3,2.6,1,0][5,55,3,3,0.2,1,1][5,55,4,3,1.2,1,1][5,55,5,3,2.2,1,1][5,55,6,3,3.2,1,1]
[5,55,0,4,0.8,1,0][5,55,1,4,1.8,1,0][5,55,2,4,2.8,1,0][5,55,3,4,0.4,1,1][5,55,4,4,1.4,1,1][5,55,5,4,2.4,1,1][5,55,6,4,3.4,1,1]
;
tile=Meteorite!
distance=1
start=0,-1
time=1
type=2
thienthach=1
speed=1
bonus=2,3,2,3
#Wave 10
# 2 khong sap xep theo hang cot
#*1*3*4*5*
#**2*4*6**
#*1011101*
#*3333333*
#*0110110*
[3,2,0,0,1.0,1,0][0,1,1,0,1.0,1,0][2,50,2,0,2.0,1,0][2,6,3,0,4.0,1,0][0,6,3,0,3.3,1,1][0,2,5,0,1.6,1,1][3,6,6,0,2.6,1,1]
[0,1,0,1,1.2,1,0][2,25,1,1,2.2,1,0][1,20,2,1,2.2,1,0][2,5,3,1,4.2,1,0][3,50,2,1,1.4,1,1][1,1,5,1,1.8,1,1][1,5,6,1,2.8,1,1]
[2,3,0,2,1.4,1,0][1,3,2,2,3.0,1,0][2,3,2,2,2.4,1,0][0,5,1,2,1.9,1,1][1,5,4,2,1.0,1,1][3,30,5,2,2.0,1,1][1,5,6,2,3.0,1,1]
[0,1,0,3,1.6,1,0][3,3,1,3,2.6,1,0][3,1,2,3,2.6,1,0][3,5,1,3,5.2,1,1][0,20,4,3,1.2,1,1][1,15,5,3,2.2,1,1][1,5,6,3,3.3,1,1]
[3,20,0,4,2.2,1,0][2,50,2,4,2.8,1,0][1,3,2,4,1.2,1,0][0,5,3,4,5.4,1,1][1,5,4,4,0.2,1,1][3,7,5,4,2.4,1,1][3,50,6,4,3.4,1,1]
[3,3,0,5,2.3,1,0][2,15,2,5,2.8,1,0][1,3,2,5,1.2,1,0][0,5,1,3,5.4,1,1][1,5,4,5,0.2,1,1][3,7,5,5,2.4,1,1][3,6,6,5,3.4,1,1]
[2,3,0,6,1.4,1,0][1,3,1,6,3.0,1,0][2,30,2,6,2.4,1,0][0,30,3,6,1.9,1,1][1,5,4,6,1.0,1,1][3,1,5,6,2.0,1,1][1,30,6,6,3.0,1,1]
[1,3,0,7,1.4,1,0][3,3,1,7,3.0,1,0][1,30,2,7,2.4,1,0][0,30,3,7,1.9,1,1][1,5,4,7,1.0,1,1][2,1,5,7,2.0,1,1][3,30,6,7,3.0,1,1]
[3,3,0,7,1.4,1,0][2,30,2,7,2.4,1,0][0,30,3,7,1.9,1,1][2,1,5,7,4.0,1,1][0,30,6,7,3.0,1,1]