#[0] Type
#[1] Health
#[2] dx
#[3] dy
#[4] Delay 
#[5] Speed
#[6] Arrow
#__________
tile=Wave2
distance=1
start=0,3
time=1
type=2
speed=4
bonus=0,1,0
#Wave 2
#*1*3*4*5*
#**2*4*6**
#*1011101*
#*3333333*
#*0110110*
[1,3,0,0,3,1,1][2,4,1,0,2,1,1][3,6,2,0,1,1,1][3,6,3,0,0,1,0][2,4,4,0,1,1,0][1,2,5,0,2,1,0]
[2,4,0,1,3,1,1][0,3,1,1,2,1,1][0,3,2,1,1,1,1][0,3,3,1,0,1,0][0,3,4,1,1,1,0][0,3,5,1,2,1,0]
[1,3,0,2,3,1,1][3,6,1,2,2,1,1][3,6,2,2,1,1,1][3,6,3,2,0,1,0][3,6,4,2,1,1,0][1,2,5,2,2,1,0]
[2,4,0,3,3,1,1][0,3,1,3,2,1,1][0,3,2,3,1,1,1][0,3,3,3,0,1,0][0,3,4,3,1,1,0][0,3,5,3,2,1,0]
[1,3,0,4,3,1,1][2,4,1,4,2,1,1][3,6,2,4,1,1,1][3,6,3,4,0,1,0][2,4,4,4,1,1,0][1,2,5,4,2,1,0]
;
tile=Wave3
start=5,1
time=1
speed=5
type=2
distance=1.1
bonus=1,2,1,4,6
#Wave 3
#0*0123456*
#1**12345**
#2***234***
#3****3****
#4**1*3*5**
[2,7,0,0,0,1,0][1,4,1,0,0,1,0][1,4,2,0,0,1,0][1,4,3,0,0,1,0][1,4,4,0,0,1,0][1,4,5,0,0,1,1][2,7,6,0,0,1,0]
[2,7,1,1,1,1,1][1,4,2,1,1,1,1][1,4,3,1,1,1,1][1,4,4,1,1,1,1][2,7,5,1,1,1,1]
[2,7,1,2,2,1,0][6,6,3,2,0,1,0][2,7,5,2,2,1,0]
[3,5,1,3,0,1,1][3,5,3,3,0,1,1][3,5,5,3,0,1,1]
[2,7,1,4,0,1,1][2,7,3,4,0,1,1][2,7,5,4,0,1,1]
;
tile=Wave4
start=5,1
bonus=1,2,1,4,6
time=1
speed=9
distance=0.6
type=1
#Wave 13
#0*0123456*
#1*0123456*
#2*0123456*
#3*0123456*
[6,10,0,0,0.2,1,1][6,10,3,0,1.0,1,0][6,10,6,0,1.8,1,0]
[6,10,0,2,0.4,1,0][8,60,3,2,1.2,1,1][6,10,6,2,2.0,1,0]
[6,10,0,4,0.6,1,1][6,10,3,4,1.4,1,0][6,10,6,4,2.2,1,0]
;
tile=Wave5
start=5,1
time=1
speed=9
distance=0.8
type=1
bonus=1,1,3
#Wave 13
#0*0123456*
#1*0123456*
#2*0123456*
#3*0123456*
[6,10,0,0,0.2,1,1][6,10,3,0,1.0,1,0][6,10,6,0,1.8,1,0]
[6,10,0,2,0.4,1,0][8,60,3,2,1.2,1,1][6,10,6,2,2.0,1,0]
[6,10,0,4,0.6,1,1][6,10,3,4,1.4,1,0][6,10,6,4,2.2,1,0]
[11,11,0,5,0.6,1,1][11,11,3,5,1.4,1,0][11,11,6,5,2.2,1,0]
;
tile=Wave6
distance=1
start=0,3
time=1
type=2
speed=4
#Wave 6
# 2 khong sap xep theo hang cot
#*1*3*4*5*
#**2*4*6**
#*1011101*
#*3333333*
#*0110110*
[1,6,0,0,3,1,1][2,8,1,0,2,1,1][3,4,2,0,1,1,1][3,4,3,0,0,1,0][2,8,4,0,1,1,0][1,6,5,0,2,1,0]
[2,8,0,1,3,1,1][0,2,1,1,2,1,1][0,2,2,1,1,1,1][0,2,3,1,0,1,0][0,2,4,1,1,1,0][0,2,5,1,2,1,0]
[1,6,0,2,3,1,1][3,4,1,2,2,1,1][3,4,2,2,1,1,1][3,4,3,2,0,1,0][3,4,4,2,1,1,0][1,6,5,2,2,1,0]
[2,8,0,3,3,1,1][0,2,1,3,2,1,1][0,2,2,3,1,1,1][0,2,3,3,0,1,0][0,2,4,3,1,1,0][0,2,5,3,2,1,0]
[11,15,0,4,3,1,1][11,15,1,4,2,1,1][11,15,2,4,1,1,1][11,15,3,4,0,1,0][11,15,4,4,1,1,0][11,15,5,4,2,1,0]
;
tile=Wave7
start=5,1
time=2
type=1
speed=8
distance=1
path=ribon2
save=[0,-3.6]
bonus=1,2,1,5
#Wave 7
# Sap xep theo cot
#*0000000*
#*1111111*
#*0000000*
#*1111111*
#*0110110*
[0,5,0,0,0.0,1,1][8,15,1,0,1.0,1,1][0,5,2,0,2.0,1,1][8,15,3,0,3.0,1,1][0,5,4,0,4.0,1,1][8,15,5,0,5.0,1,1][0,5,6,0,6.0,1,1]
[8,15,0,1,0.2,1,1][0,5,1,1,1.2,1,1][8,15,2,1,2.2,1,1][0,5,3,1,3.2,1,1][8,15,4,1,4.2,1,1][0,5,5,1,5.2,1,1][8,15,6,1,6.2,1,1]
[0,5,0,2,0.4,1,1][8,15,1,2,1.4,1,1][0,5,2,2,2.4,1,1][8,15,3,2,3.4,1,1][0,5,4,2,4.4,1,1][8,15,5,2,5.4,1,1][0,5,6,2,6.4,1,1]
[8,15,0,3,0.6,1,1][0,5,1,3,1.6,1,1][8,15,2,3,2.6,1,1][0,5,3,3,3.6,1,1][8,15,4,3,4.6,1,1][0,5,5,3,5.6,1,1][8,15,6,3,6.6,1,1]
[0,5,0,4,0.8,1,1][8,15,1,4,1.8,1,1][0,5,2,4,2.8,1,1][8,15,3,4,3.8,1,1][0,5,4,4,4.8,1,1][8,15,5,4,5.8,1,1][0,5,6,4,6.8,1,1]
;
tile=Wave8
start=5,1
time=2
type=1
speed=8
distance=1
save=[0,-3.6]
path=roll
#Wave 8
# Sap xep theo cot
#*0000000*
#*1111111*
#*0000000*
#*1111111*
#*0110110*
[1,15,0,0,0.0,1,1][2,20,1,0,1.0,1,1][1,6,2,0,2.0,1,1][2,8,3,0,3.0,1,1][1,6,4,0,4.0,1,1][2,20,5,0,5.0,1,1][1,15,6,0,6.0,1,1]
[2,20,0,1,0.2,1,1][7,20,1,1,1.2,1,1][2,20,2,1,2.2,1,1][7,20,3,1,3.2,1,1][2,8,4,1,4.2,1,1][7,20,5,1,5.2,1,1][2,20,6,1,6.2,1,1]
[1,15,0,2,0.4,1,1][2,20,1,2,1.4,1,1][1,6,2,2,2.4,1,1][2,8,3,2,3.4,1,1][1,6,4,2,4.4,1,1][2,20,5,2,5.4,1,1][1,15,6,2,6.4,1,1]
[2,20,0,3,0.6,1,1][11,11,1,3,1.6,1,1][2,20,2,3,2.6,1,1][11,11,3,3,3.6,1,1][2,8,4,3,4.6,1,0][11,11,5,3,5.6,1,1][2,20,6,3,6.6,1,1]
[11,11,0,4,0.8,1,1][2,20,1,4,1.8,1,1][11,11,2,4,2.8,1,1][2,8,3,4,3.8,1,1][11,11,4,4,4.8,1,1][2,20,5,4,5.8,1,1][11,11,6,4,6.8,1,1]
;
tile=Wave9
distance=1
start=0,3
time=1
type=2
speed=4
#Wave 9
# 2 khong sap xep theo hang cot
#*1*3*4*5*
#**2*4*6**
#*1011101*
#*3333333*
#*0110110*
[2,25,0,0,3,1,1][3,30,1,0,2,1,1][3,30,2,0,1,1,1][3,30,3,0,0,1,0][2,25,4,0,1,1,0][2,25,5,0,2,1,0]
[3,30,0,1,3,1,1][0,10,1,1,2,1,1][0,10,2,1,1,1,1][0,10,3,1,0,1,0][0,10,4,1,1,1,0][0,10,5,1,2,1,0]
[2,25,0,2,3,1,1][11,15,1,2,2,1,1][3,30,2,2,1,1,1][11,15,3,2,0,1,0][3,30,4,2,1,1,0][11,15,5,2,2,1,0]
[11,15,0,3,3,1,1][0,10,1,3,2,1,1]11,15,2,3,1,1,1][0,10,3,3,0,1,0][11,15,4,3,1,1,0][0,10,5,3,2,1,0]
[2,25,0,4,3,1,1][11,15,1,4,2,1,1][3,30,2,4,1,1,1][11,15,3,4,0,1,0][2,18,4,4,1,1,0][11,15,5,4,2,1,0]
;
tile=Wave5
start=5,1
time=1
speed=9
distance=0.8
type=1
bonus=1,1,1,2,3
#Wave 13
#0*0123456*
#1*0123456*
#2*0123456*
#3*0123456*
[6,50,0,0,0.2,1,1][6,50,3,0,1.0,1,0][6,50,6,0,1.8,1,0]
[6,50,0,2,0.4,1,0][6,50,3,2,1.2,1,1][6,50,6,2,2.0,1,0]
[6,50,0,4,0.6,1,1][6,50,3,4,1.4,1,0][6,50,6,4,2.2,1,0]
[11,20,0,5,0.6,1,1][11,20,3,5,1.4,1,0][11,20,6,5,2.2,1,0]
;
tile=Wave11
start=5,1
time=2
type=1
speed=8
distance=1
save=[0,-3.6]
path=roll2
bonus=0,2,1,4
#Wave 7
# Sap xep theo cot
#*0000000*
#*1111111*
#*0000000*
#*1111111*
#*0110110*
[1,15,0,0,0.0,1,1][2,20,1,0,1.0,1,1][1,6,2,0,2.0,1,1][2,8,3,0,3.0,1,1][1,6,4,0,4.0,1,1][2,20,5,0,5.0,1,1][1,15,6,0,6.0,1,1]
[2,20,0,1,0.2,1,1][8,55,1,1,1.2,1,1][2,20,2,1,2.2,1,1][8,55,3,1,3.2,1,1][2,8,4,1,4.2,1,1][8,55,5,1,5.2,1,1][2,20,6,1,6.2,1,1]
[1,15,0,2,0.4,1,1][2,20,1,2,1.4,1,1][1,6,2,2,2.4,1,1][2,8,3,2,3.4,1,1][1,6,4,2,4.4,1,1][2,20,5,2,5.4,1,1][1,15,6,2,6.4,1,1]
[2,20,0,3,0.6,1,1][8,55,1,3,1.6,1,1][2,20,2,3,2.6,1,1][8,55,3,3,3.6,1,1][2,8,4,3,4.6,1,0][8,55,5,3,5.6,1,1][2,20,6,3,6.6,1,1]
[1,15,0,4,0.8,1,1][2,20,1,4,1.8,1,1][1,6,2,4,2.8,1,1][2,8,3,4,3.8,1,1][1,6,4,4,4.8,1,1][2,20,5,4,5.8,1,1][1,15,6,4,6.8,1,1]
;
tile=Wave12
start=5,1
time=2
type=1
speed=8
distance=1
save=[0,-3.6]
path=wdow
bonus=0,1,1,5
#Wave 8
# Sap xep theo cot
#*0000000*
#*1111111*
#*0000000*
#*1111111*
#*0110110*
[2,13,0,0,0.0,1,1][4,35,1,0,1.0,1,1][2,13,2,0,2.0,1,1][4,35,3,0,3.0,1,1][2,13,4,0,4.0,1,0][4,35,5,0,5.0,1,0][2,13,6,0,6.0,1,0]
[4,35,0,1,0.2,1,1][8,55,1,1,1.2,1,1][4,35,2,1,2.2,1,1][8,55,3,1,3.2,1,1][4,35,4,1,4.2,1,0][8,55,5,1,5.2,1,0][4,35,6,1,6.2,1,0]
[2,13,0,2,0.4,1,1][4,35,1,2,1.4,1,1][2,13,2,2,2.4,1,1][4,35,3,2,3.4,1,0][2,13,4,2,4.4,1,0][4,35,5,2,5.4,1,0][2,13,6,2,6.4,1,0]
[4,35,0,3,0.6,1,1][8,55,1,3,1.6,1,1][4,35,2,3,2.6,1,1][8,55,3,3,3.6,1,0][4,35,4,3,4.6,1,0][8,55,5,3,5.6,1,0][4,35,6,3,6.6,1,0]
[2,13,0,4,0.8,1,1][4,35,1,4,1.8,1,1][2,13,2,4,2.8,1,1][4,35,3,4,3.8,1,0][2,13,4,4,4.8,1,0][4,35,5,4,5.8,1,0][2,13,6,4,6.8,1,0]
;
tile=Wave13
start=5,1
time=2
type=1
speed=8
distance=1
save=[0,-3.6]
path=wdow1
bonus=0,1,1,7
#Wave 9
# Sap xep theo cot
#*0000000*
#*1111111*
#*0000000*
#*1111111*
#*0110110*
[2,13,0,0,0.0,1,1][4,35,1,0,1.0,1,1][2,13,2,0,2.0,1,1][4,35,3,0,3.0,1,1][2,13,4,0,4.0,1,0][4,35,5,0,5.0,1,0][2,13,6,0,6.0,1,0]
[4,35,0,1,0.2,1,1][8,55,1,1,1.2,1,1][4,35,2,1,2.2,1,1][8,55,3,1,3.2,1,1][4,35,4,1,4.2,1,0][8,55,5,1,5.2,1,0][4,35,6,1,6.2,1,0]
[2,13,0,2,0.4,1,1][4,35,1,2,1.4,1,1][2,13,2,2,2.4,1,1][4,35,3,2,3.4,1,0][2,13,4,2,4.4,1,0][4,35,5,2,5.4,1,0][2,13,6,2,6.4,1,0]
[4,35,0,3,0.6,1,1][8,55,1,3,1.6,1,1][4,35,2,3,2.6,1,1][8,55,3,3,3.6,1,0][4,35,4,3,4.6,1,0][8,55,5,3,5.6,1,0][4,35,6,3,6.6,1,0]
[2,13,0,4,0.8,1,1][4,35,1,4,1.8,1,1][2,13,2,4,2.8,1,1][4,35,3,4,3.8,1,0][2,13,4,4,4.8,1,0][4,35,5,4,5.8,1,0][2,13,6,4,6.8,1,0]
;
tile=Wave14
start=5,1
time=2
type=1
speed=8
distance=1
save=[0,-3.6]
path=vcut1
#Wave 9
# Sap xep theo cot
#*0000000*
#*1111111*
#*0000000*
#*1111111*
#*0110110*
[2,25,0,0,0.0,1,1][4,40,1,0,1.0,1,1][2,25,2,0,2.0,1,1][4,40,3,0,3.0,1,1][2,25,4,0,4.0,1,1][4,40,5,0,5.0,1,1][2,25,6,0,6.0,1,1]
[4,40,0,1,0.2,1,1][8,55,1,1,1.2,1,1][4,40,2,1,2.2,1,1][8,55,3,1,3.2,1,1][4,40,4,1,4.2,1,1][8,55,5,1,5.2,1,1][4,40,6,1,6.2,1,1]
[2,25,0,2,0.4,1,1][4,40,1,2,1.4,1,1][5,17,2,2,2.4,1,1][4,40,3,2,3.4,1,1][5,17,4,2,4.4,1,1][4,40,5,2,5.4,1,1][2,25,6,2,6.4,1,1]
[4,40,0,3,0.6,1,1][8,55,1,3,1.6,1,1][4,40,2,3,2.6,1,1][8,55,3,3,3.6,1,1][4,40,4,3,4.6,1,1][8,55,5,3,5.6,1,1][4,40,6,3,6.6,1,1]
[2,25,0,4,0.8,1,1][4,40,1,4,1.8,1,1][2,25,2,4,2.8,1,1][4,40,3,4,3.8,1,1][2,20,4,4,4.8,1,1][4,40,5,4,5.8,1,1][2,25,6,4,6.8,1,1]
;
tile=Wave15
start=5,1
time=2
type=1
speed=8
distance=1
save=[0,-3.6]
path=vcut2
#Wave 11
# Sap xep theo cot
#*0000000*
#*1111111*
#*0000000*
#*1111111*
#*0110110*
[2,25,0,0,0.0,1,1][4,40,1,0,1.0,1,1][2,25,2,0,2.0,1,1][4,40,3,0,3.0,1,1][2,25,4,0,4.0,1,1][4,40,5,0,5.0,1,1][2,25,6,0,6.0,1,1]
[4,40,0,1,0.2,1,1][8,55,1,1,1.2,1,1][4,40,2,1,2.2,1,1][8,55,3,1,3.2,1,1][4,40,4,1,4.2,1,1][8,55,5,1,5.2,1,1][4,40,6,1,6.2,1,1]
[2,25,0,2,0.4,1,1][4,40,1,2,1.4,1,1][5,17,2,2,2.4,1,1][4,40,3,2,3.4,1,1][5,17,4,2,4.4,1,1][4,40,5,2,5.4,1,1][2,25,6,2,6.4,1,1]
[4,40,0,3,0.6,1,1][8,55,1,3,1.6,1,1][4,40,2,3,2.6,1,1][8,55,3,3,3.6,1,1][4,40,4,3,4.6,1,1][8,55,5,3,5.6,1,1][4,40,6,3,6.6,1,1]
[2,25,0,4,0.8,1,1][4,40,1,4,1.8,1,1][2,25,2,4,2.8,1,1][4,40,3,4,3.8,1,1][2,20,4,4,4.8,1,1][4,40,5,4,5.8,1,1][2,25,6,4,6.8,1,1]
;