#[0] Type
#[1] Health
#[2] dx
#[3] dy
#[4] Delay
#[5] Speed
#[6] Arrow
tile=Enemy Fly!
start=5,1
distance=0.9
time=1
type=1
speed=4
bonus=1,1,3
#Wave1
# 2 khong sap xep theo hang
#*4010104*
#*1142411*
#*1011101*
#*3333333*
#*0110110*
[0,1,1,0,1.0,1,1][0,1,2,0,2.0,1,1][0,1,3,0,3.0,1,1][0,1,4,0,4.0,1,1][0,1,5,0,5.0,1,1]
[0,1,1,1,1.2,1,1][0,1,2,1,2.2,1,1][0,1,3,1,3.2,1,1][0,1,4,1,4.2,1,1][0,1,5,1,5.2,1,1]
[0,1,1,2,1.4,1,1][0,1,2,2,2.4,1,1][0,1,3,2,3.4,1,1][0,1,4,2,4.4,1,1][0,1,5,2,5.4,1,1]
[0,1,1,3,1.6,1,1][0,1,2,3,2.6,1,1][0,1,3,3,3.6,1,1][0,1,4,3,4.6,1,1][0,1,5,3,5.6,1,1]
[0,1,1,4,1.8,1,1][0,1,2,4,2.8,1,1][0,1,3,4,3.8,1,1][0,1,4,4,4.8,1,1][0,1,5,4,5.8,1,1]
;
tile=Enemy Run!
start=5,1
time=2
type=1
speed=5
bonus=1,2,1,4
#Wave2
# Sap xep theo cot
#*0000000*
#*1111111*
#*0000000*
#*1111111*
#*0110110*
[0,2,0,0,0.0,1,1][0,2,1,0,1.0,1,1][0,3,2,0,2.0,1,1][0,2,3,0,3.0,1,1][0,2,4,0,0.6,1,0][0,2,5,0,2.6,1,0][0,2,6,0,3.6,1,0]
[1,3,0,1,0.2,1,1][1,3,1,1,1.2,1,1][1,3,2,1,2.2,1,1][1,3,3,1,3.2,1,1][1,3,4,1,0.8,1,0][1,3,5,1,2.8,1,0][1,3,6,1,3.8,1,0]
[0,2,0,2,0.4,1,1][0,2,1,2,1.4,1,1][0,2,2,2,2.4,1,1][0,2,3,2,0.0,1,0][0,2,4,2,2.0,1,0][0,2,5,2,3.0,1,0][0,2,6,2,4.0,1,0]
[1,3,0,3,0.6,1,1][1,3,1,3,1.6,1,1][1,3,2,3,2.6,1,1][1,3,3,3,0.2,1,0][1,3,4,3,2.2,1,0][1,3,5,3,3.2,1,0][1,3,6,3,4.2,1,0]
[0,2,0,4,0.8,1,1][0,2,1,4,1.8,1,1][0,2,2,4,2.8,1,1][0,2,3,4,0.4,1,0][0,2,4,4,2.4,1,0][0,2,5,4,3.4,1,0][0,2,6,4,4.4,1,0]
;
tile=Enemy Go!
start=5,1
time=1
type=2
speed=5
bonus=1,2,3,4,1,2
#Wave3
#0**12*45**
#1*0123456*
#2*0123456*
#3**12345**
#4***234***
#5****3****
[3,10,1,0,0,1,1][1,5,2,0,0,1,1][1,5,4,0,0,1,1][3,10,5,0,0,1,1]
[0,3,0,1,0,1,1][1,5,1,1,0,1,1][0,3,2,1,0,1,1][3,10,3,1,0,1,1][0,3,4,1,0,1, 1][1,3,5,1,0,1, 1][0,3,6,1,0,1, 1]
[1,5,0,2,0,1,1][0,3,1,2,0,1,1][1,5,2,2,0,1,1][0,3,3,2,0,1,1][1,5,4,2,0,1, 1][0,3,5,2,0,1, 1][1,5,6,2,0,1, 1]
[3,10,1,3,0,1,1][0,3,2,3,0,1,1][1,5,3,3,0,1,1][0,3,3,0,0,1,1][3,10,5,3,0,1, 1]
[1,5,2,4,0,1,1][0,3,3,4,0,1,1][1,5,4,4,0,1,1]
[1,5,3,5,0,1,1]
;
tile=Enemy Flyin!
start=5,-4
distance=1
time=3
type=1
speed=5
bonus=1,0,0,3,1,2
unsafe=[0,2]
#Wave 4
#__0123456_
#0*2121212*
#1*2121212*
#2*2121212*
#3*2121212*
#4*3121213*
[2,7,0,0,0.2,0.5,1][1,5,1,0,0.2,0.5,0][2,7,2,0,1.2,0.5,1][1,5,3,0,1.2,0.5,0][2,7,4,0,2.2,0.5,1][1,5,5,0,2.2,0.5,0][2,7,6,0,3.2,0.5,1]
[2,7,0,1,0.4,0.5,1][1,5,1,1,0.4,0.5,0][2,7,2,1,1.4,0.5,1][1,5,3,1,1.4,0.5,0][2,7,4,1,2.4,0.5,1][1,5,5,1,2.4,0.5,0][2,7,6,1,3.4,0.5,1]
[2,7,0,2,0.6,0.5,1][1,5,1,2,0.6,0.5,0][2,7,2,2,1.6,0.5,1][1,5,3,2,1.6,0.5,0][2,7,4,2,2.6,0.5,1][1,5,5,2,2.6,0.5,0][2,7,6,2,3.6,0.5,1]
[2,7,0,3,0.8,0.5,1][1,5,1,3,0.8,0.5,0][2,7,2,3,1.8,0.5,1][1,5,3,3,1.8,0.5,0][2,7,4,3,2.8,0.5,1][1,5,5,3,2.8,0.5,0][2,7,6,3,3.8,0.5,1]
[3,25,0,4,1.0,0.5,1][1,5,1,4,1.0,0.5,0][2,7,2,4,2.0,0.5,1][1,5,3,4,2.0,0.5,0][2,7,4,4,3.0,0.5,1][1,5,5,4,3.0,0.5,0][3,25,6,4,4.0,0.5,1]
;
tile=Enemy Fly!
start=5,-4
distance=1.2
time=3
type=1
bonus=1,2,0,3,4,2
#Wave 5
safe=[0,-3.6]
#__0123456_
#0*4141414*
#1*1414141*
#2*4141414*
#3*1414141*
#4*4141414*
[3,10,0,0,0.6,0.5,1][1,7,1,0,0.4,0.5,0][1,7,2,0,0.2,0.5,1][1,7,3,0,0.0,0.5,0][3,10,4,0,0.2,0.5,1]
[1,7,0,1,0.8,0.5,1][2,8,1,1,0.6,0.5,0][1,7,2,1,0.4,0.5,1][2,8,3,1,0.2,0.5,0][1,7,4,1,0.4,0.5,1]
[2,8,0,2,1.0,0.5,1][1,7,1,2,0.8,0.5,0][2,8,2,2,0.6,0.5,1][1,7,3,2,0.4,0.5,0][2,8,4,2,0.6,0.5,1]
[1,7,0,3,1.2,0.5,1][2,8,1,3,1.0,0.5,0][1,7,2,3,0.8,0.5,1][2,8,3,3,0.6,0.5,0][1,7,4,3,0.8,0.5,1]
;
