tile=Meteorite!
distance=1
start=0,-1
time=1
type=2
thienthach=1
speed=1
bonus=2,3,2,3
#Wave 1
# 2 khong sap xep theo hang cot
#*1*3*4*5*
#**2*4*6**
#*1011101*
#*3333333*
#*0110110*
[3,2,0,0,1.0,1,0][0,1,1,0,1.0,1,0][2,2,2,0,2.0,1,0][2,6,3,0,4.0,1,0][0,6,3,0,3.3,1,1][0,2,10,0,1.6,1,1][3,4,6,0,2.6,1,1]
[0,1,0,1,1.2,1,0][2,25,1,1,2.2,1,0][1,20,2,1,2.2,1,0][2,10,3,1,4.2,1,0][3,1,2,1,1.4,1,1][1,1,5,1,1.8,1,1][1,5,6,1,2.8,1,1]
[2,3,0,2,1.4,1,0][1,3,2,2,3.0,1,0][2,3,2,2,2.4,1,0][0,5,1,2,1.9,1,1][1,5,4,2,1.0,1,1][3,1,5,2,2.0,1,1][1,2,6,2,3.0,1,1]
[0,1,0,3,1.6,1,0][3,3,1,3,2.6,1,0][3,1,2,3,2.6,1,0][3,1,1,3,5.2,1,1][0,2,4,3,1.2,1,1][1,2,10,3,2.2,1,1][1,1,6,3,3.3,1,1]
[3,1,0,4,2.2,1,0][2,1,2,4,2.8,1,0][1,3,2,4,1.2,1,0][0,2,3,4,5.4,1,1][1,5,4,4,0.2,1,1][3,1,5,4,2.4,1,1][3,1,6,4,3.4,1,1]
[3,3,0,5,2.3,1,0][2,2,2,10,2.8,1,0][1,3,2,10,1.2,1,0][0,1,1,3,5.4,1,1][1,5,4,5,0.2,1,1][3,7,5,5,2.4,1,1][3,2,6,5,3.4,1,1]
[2,3,0,6,1.4,1,0][1,3,1,6,3.0,1,0][2,1,2,6,2.4,1,0][0,2,3,13,1.9,1,1][1,5,4,6,1.0,1,1][3,1,5,6,2.0,1,1][1,2,6,6,3.0,1,1]
[1,3,0,7,1.4,1,0][3,3,1,13,3.0,1,0][1,1,2,7,2.4,1,0][0,1,3,7,1.9,1,1][1,5,4,40,1.0,1,1][2,1,5,7,2.0,1,1][3,1,6,7,3.0,1,1]
[3,3,0,7,1.4,1,0][2,30,2,7,2.4,1,0][0,2,3,7,1.9,1,1][2,1,5,7,4.0,1,1][0,1,6,7,3.0,1,1]
;
tile=Meteorite!
distance=1
start=0,-1
time=1
type=2
thienthach=1
speed=1
bonus=1,2,1,2,3,4,5,6,7
#Wave 2
# 2 khong sap xep theo hang cot
#*1*3*4*5*
#**2*4*6**
#*1011101*
#*3333333*
#*0110110*
[0,1,1,0,1.0,1,0][2,2,2,0,2.0,1,0][2,6,3,0,4.0,1,0][0,6,3,0,3.3,1,1][0,2,10,0,1.6,1,1][3,4,6,0,2.6,1,1]
[0,1,0,1,1.2,1,0][2,25,1,1,2.2,1,0][1,20,2,1,2.2,1,0][3,1,2,1,1.4,1,1][1,1,5,1,1.8,1,1][1,5,6,1,2.8,1,1]
[2,3,0,2,1.4,1,0][1,3,2,2,3.0,1,0][2,3,2,2,2.4,1,0][0,5,1,2,1.9,1,1][1,5,4,2,1.0,1,1][3,1,5,2,2.0,1,1][1,2,6,2,3.0,1,1]
[0,1,0,3,1.6,1,0][3,1,2,3,2.6,1,0][3,1,1,3,5.2,1,1][0,2,4,3,1.2,1,1][1,2,10,3,2.2,1,1][1,1,6,3,3.3,1,1]
[3,1,0,4,2.2,1,0][2,1,2,4,2.8,1,0][1,3,2,4,1.2,1,0][0,2,3,4,5.4,1,1][1,5,4,4,0.2,1,1][3,1,5,4,2.4,1,1][3,1,6,4,3.4,1,1]
[3,3,0,5,2.3,1,0][2,2,2,10,2.8,1,0][1,3,2,10,1.2,1,0][0,1,1,3,5.4,1,1][1,5,4,5,0.2,1,1][3,7,5,5,2.4,1,1][3,2,6,5,3.4,1,1]
[1,3,1,6,3.0,1,0][2,1,2,6,2.4,1,0][0,2,3,13,1.9,1,1][1,5,4,6,1.0,1,1][3,1,5,6,2.0,1,1][1,2,6,6,3.0,1,1]
[1,3,0,7,1.4,1,0][3,3,1,13,3.0,1,0][1,1,2,7,2.4,1,0][0,1,3,7,1.9,1,1][2,1,5,7,2.0,1,1][3,1,6,7,3.0,1,1]
[2,30,2,7,2.4,1,0][0,2,3,7,1.9,1,1][2,1,5,7,4.0,1,1][0,1,6,7,3.0,1,1]
;
tile=Meteorite!
distance=1
start=0,-1
time=1
type=2
thienthach=1
speed=1
bonus=1,3,1,2,3,4,5,6,7
#Wave 3
# 2 khong sap xep theo hang cot
#*1*3*4*5*
#**2*4*6**
#*1011101*
#*3333333*
#*0110110*
[3,2,0,0,1.0,1,0][0,1,1,0,1.0,1,0][2,2,2,0,2.0,1,0][2,6,3,0,4.0,1,0][0,2,10,0,1.6,1,1][3,4,6,0,2.6,1,1]
[0,1,0,1,1.2,1,0][1,20,2,1,2.2,1,0][2,10,3,1,4.2,1,0][3,1,2,1,1.4,1,1][1,1,5,1,1.8,1,1][1,5,6,1,2.8,1,1]
[2,3,0,2,1.4,1,0][1,3,2,2,3.0,1,0][2,3,2,2,2.4,1,0][0,5,1,2,1.9,1,1][1,5,4,2,1.0,1,1][3,1,5,2,2.0,1,1][1,2,6,2,3.0,1,1]
[0,1,0,3,1.6,1,0][3,3,1,3,2.6,1,0][3,1,2,3,2.6,1,0][3,1,1,3,5.2,1,1][0,2,4,3,1.2,1,1][1,2,10,3,2.2,1,1][1,1,6,3,3.3,1,1]
[3,1,0,4,2.2,1,0][2,1,2,4,2.8,1,0][1,3,2,4,1.2,1,0][1,5,4,4,0.2,1,1][3,1,5,4,2.4,1,1][3,1,6,4,3.4,1,1]
[3,3,0,5,2.3,1,0][2,2,2,10,2.8,1,0][1,3,2,10,1.2,1,0][0,1,1,3,5.4,1,1][1,5,4,5,0.2,1,1][3,7,5,5,2.4,1,1][3,2,6,5,3.4,1,1]
[2,3,0,6,1.4,1,0][2,1,2,6,2.4,1,0][0,2,3,13,1.9,1,1][1,5,4,6,1.0,1,1][3,1,5,6,2.0,1,1][1,2,6,6,3.0,1,1]
[1,3,0,7,1.4,1,0][3,3,1,13,3.0,1,0][1,1,2,7,2.4,1,0][0,1,3,7,1.9,1,1][2,1,5,7,2.0,1,1][3,1,6,7,3.0,1,1]
[2,30,2,7,2.4,1,0][0,2,3,7,1.9,1,1][2,1,5,7,4.0,1,1][0,1,6,7,3.0,1,1]
;
tile=Meteorite!
distance=1
start=0,-1
time=1
type=2
thienthach=1
speed=1
bonus=0,1,1,2,3,4,5,6,7
#Wave 4
# 2 khong sap xep theo hang cot
#*1*3*4*5*
#**2*4*6**
#*1011101*
#*3333333*
#*0110110*
[3,2,0,0,1.0,1,0][0,1,1,0,1.0,1,0][2,2,2,0,2.0,1,0][2,6,3,0,4.0,1,0][0,2,10,0,1.6,1,1][3,4,6,0,2.6,1,1]
[0,1,0,1,1.2,1,0][1,20,2,1,2.2,1,0][2,10,3,1,4.2,1,0][3,1,2,1,1.4,1,1][1,1,5,1,1.8,1,1][1,5,6,1,2.8,1,1]
[2,3,0,2,1.4,1,0][1,3,2,2,3.0,1,0][2,3,2,2,2.4,1,0][0,5,1,2,1.9,1,1][1,5,4,2,1.0,1,1][3,1,5,2,2.0,1,1][1,2,6,2,3.0,1,1]
[0,1,0,3,1.6,1,0][3,3,1,3,2.6,1,0][3,1,2,3,2.6,1,0][3,1,1,3,5.2,1,1][0,2,4,3,1.2,1,1][1,2,10,3,2.2,1,1][1,1,6,3,3.3,1,1]
[3,1,0,4,2.2,1,0][2,1,2,4,2.8,1,0][1,3,2,4,1.2,1,0][1,5,4,4,0.2,1,1][3,1,5,4,2.4,1,1][3,1,6,4,3.4,1,1]
[3,3,0,5,2.3,1,0][2,2,2,10,2.8,1,0][1,3,2,10,1.2,1,0][0,1,1,3,5.4,1,1][1,5,4,5,0.2,1,1][3,7,5,5,2.4,1,1][3,2,6,5,3.4,1,1]
[2,3,0,6,1.4,1,0][2,1,2,6,2.4,1,0][0,2,3,13,1.9,1,1][1,5,4,6,1.0,1,1][3,1,5,6,2.0,1,1][1,2,6,6,3.0,1,1]
[1,3,0,7,1.4,1,0][3,3,1,13,3.0,1,0][1,1,2,7,2.4,1,0][0,1,3,7,1.9,1,1][2,1,5,7,2.0,1,1][3,1,6,7,3.0,1,1]
[2,30,2,7,2.4,1,0][0,2,3,7,1.9,1,1][2,1,5,7,4.0,1,1][0,1,6,7,3.0,1,1]
;
tile=Wave1
start=5,1
time=2
type=1
speed=8
distance=1
path=ribon
save=[0,-3.6]
bonus=0,2,1,2,3,4,5,6,7
#Wave 5
# Sap xep theo cot
#*0000000*
#*1111111*
#*0000000*
#*1111111*
#*0110110*
[0,5,0,0,0.0,1,1][8,20,1,0,1.0,1,1][0,5,2,0,2.0,1,1][8,20,3,0,3.0,1,1][0,5,4,0,4.0,1,1][8,20,5,0,5.0,1,1][0,5,6,0,6.0,1,1]
[8,20,0,1,0.2,1,1][0,5,1,1,1.2,1,1][8,20,2,1,2.2,1,1][0,5,3,1,3.2,1,1][8,20,4,1,4.2,1,1][0,5,5,1,5.2,1,1][8,20,6,1,6.2,1,1]
[0,2,0,2,0.4,1,1][8,20,1,2,1.4,1,1][0,5,2,2,2.4,1,1][8,20,3,2,3.4,1,1][0,5,4,2,4.4,1,1][8,20,5,2,10.4,1,1][0,5,6,2,6.4,1,1]
[8,20,0,3,0.6,1,1][0,5,1,3,1.6,1,1][8,20,2,3,2.6,1,1][0,5,3,3,3.6,1,1][8,20,4,3,4.6,1,1][0,5,5,3,5.6,1,1][8,20,6,3,6.6,1,1]
[0,5,0,4,0.8,1,1][8,20,1,4,1.8,1,1][0,5,2,4,2.8,1,1][8,20,3,4,3.8,1,1][0,5,4,4,4.8,1,1][8,20,5,4,5.8,1,1][0,5,6,4,6.8,1,1]
;
tile=Wave2
start=5,1
time=2
type=1
speed=8
distance=1
path=ribon2
save=[0,-3.6]
bonus=1,2,1,4
#Wave 6
# Sap xep theo cot
#*0000000*
#*1111111*
#*0000000*
#*1111111*
#*0110110*
[0,6,0,0,0.0,1,1][8,20,1,0,1.0,1,1][0,6,2,0,2.0,1,1][8,20,3,0,3.0,1,1][0,6,4,0,4.0,1,1][8,20,5,0,5.0,1,1][0,6,6,0,6.0,1,1]
[8,20,0,1,0.2,1,1][0,6,1,1,1.2,1,1][8,20,2,1,2.2,1,1][0,6,3,1,3.2,1,1][8,20,4,1,4.2,1,1][0,6,5,1,5.2,1,1][8,20,6,1,6.2,1,1]
[0,6,0,2,0.4,1,1][8,20,1,2,1.4,1,1][0,6,2,2,2.4,1,1][8,20,3,2,3.4,1,1][0,6,4,2,4.4,1,1][8,20,5,2,10.4,1,1][0,6,6,2,6.4,1,1]
[8,20,0,3,0.6,1,1][0,6,1,3,1.6,1,1][8,20,2,3,2.6,1,1][0,6,3,3,3.6,1,1][8,20,4,3,4.6,1,1][0,6,5,3,5.6,1,1][8,20,6,3,6.6,1,1]
[0,6,0,4,0.8,1,1][8,20,1,4,1.8,1,1][0,6,2,4,2.8,1,1][8,20,3,4,3.8,1,1][0,6,4,4,4.8,1,1][8,20,5,4,5.8,1,1][0,6,6,4,6.8,1,1]
;
tile=Wave3
start=5,1
time=2
type=1
speed=8
distance=1
path=turn1,turn2
save=[0,-3.6]
bonus=1,1,1,2,3,4
#Wave 7
# Sap xep theo cot
#*0000000*
#*1111111*
#*0000000*
#*1111111*
#*0110110*
[2,10,0,0,0.0,1,1][3,13,1,0,1.0,1,1][2,10,2,0,2.0,1,1][3,13,3,0,3.0,1,1][2,10,4,0,0.6,1,0][3,13,5,0,1.6,1,0][2,10,6,0,2.6,1,0]
[3,13,0,1,0.2,1,1][2,10,1,1,1.2,1,1][3,13,2,1,2.2,1,1][2,10,3,1,3.2,1,1][3,13,4,1,0.8,1,0][2,10,5,1,1.8,1,0][3,13,6,1,2.8,1,0]
[2,10,0,2,0.4,1,1][3,13,1,2,1.4,1,1][2,10,2,2,2.4,1,1][3,13,3,2,0.0,1,0][2,10,4,2,1.0,1,0][3,13,5,2,2.0,1,0][2,10,6,2,3.0,1,0]
[3,13,0,3,0.6,1,1][2,10,1,3,1.6,1,1][3,13,2,3,2.6,1,1][2,10,3,3,0.2,1,0][3,13,4,3,1.2,1,0][2,10,5,3,2.2,1,0][3,13,6,3,3.2,1,0]
[2,10,0,4,0.8,1,1][3,13,1,4,1.8,1,1][2,10,2,4,2.8,1,1][3,13,3,4,0.4,1,0][2,10,4,4,1.4,1,0][3,13,5,4,2.4,1,0][2,10,6,4,3.4,1,0]
;
tile=Wave4
start=5,1
time=2
type=1
speed=8
distance=1
save=[0,-3.6]
path=storm
bonus=1,1,1,2,3,4,5,6,7
#Wave 8
# Sap xep theo cot
#*0000000*
#*1111111*
#*0000000*
#*1111111*
#*0110110*
[4,40,0,0,0.0,1,1][2,6,1,0,1.0,1,1][4,40,2,0,2.0,1,1][2,6,3,0,3.0,1,1][4,40,4,0,4.0,1,1][2,6,5,0,5.0,1,1][4,40,6,0,6.0,1,1]
[2,6,0,1,0.2,1,1][7,10,1,1,1.2,1,1][2,6,2,1,2.2,1,1][7,10,3,1,3.2,1,1][2,6,4,1,4.2,1,1][7,10,5,1,5.2,1,1][2,6,6,1,6.2,1,1]
[4,40,0,2,0.4,1,1][2,6,1,2,1.4,1,1][4,40,2,2,2.4,1,1][2,6,3,2,3.4,1,1][4,40,4,2,4.4,1,1][2,6,5,2,10.4,1,1][4,40,6,2,6.4,1,1]
[2,6,0,3,0.6,1,1][7,10,1,3,1.6,1,1][2,6,2,3,2.6,1,1][7,10,3,3,3.6,1,1][2,6,4,3,4.6,1,1][7,10,5,3,5.6,1,1][2,6,6,3,6.6,1,1]
[4,40,0,4,0.8,1,1][2,6,1,4,1.8,1,1][4,40,2,4,2.8,1,1][2,6,3,4,3.8,1,1][4,40,4,4,4.8,1,1][2,6,5,4,5.8,1,1][4,40,6,4,6.8,1,1]
;
tile=Wave5
start=5,1
time=2
type=1
speed=8
distance=0.9
save=[0,-3.6]
path=mzig2
bonus=1,1,1,2,3,4,5,6,7
#Wave 9
# Sap xep theo cot
#*0000000*
#*1111111*
#*0000000*
#*1111111*
#*0110110*
[1,13,0,0,0.0,1,0][4,12,1,0,1.0,1,0][1,13,2,0,2.0,1,0][4,12,3,0,3.0,1,0][1,13,4,0,4.0,1,0][4,12,5,0,5.0,1,0][1,13,6,0,6.0,1,0]
[2,36,0,1,0.2,1,0][3,20,1,1,1.2,1,0][2,36,2,1,2.2,1,0][3,20,3,1,3.2,1,0][2,36,4,1,4.2,1,0][3,20,5,1,5.2,1,0][2,36,6,1,6.2,1,0]
[3,20,0,2,0.4,1,0][2,36,1,2,1.4,1,0][3,20,2,2,2.4,1,0][2,36,3,2,3.4,1,0][3,20,4,2,4.4,1,0][2,36,5,2,10.4,1,0][3,20,6,2,6.4,1,0]
[4,12,0,3,0.6,1,0][1,15,1,3,1.6,1,0][4,12,2,3,2.6,1,0][1,15,3,3,3.6,1,0][4,12,4,3,4.6,1,0][1,15,5,3,5.6,1,0][4,12,6,3,6.6,1,0]
[0,10,0,4,0.8,1,0][0,10,1,4,1.8,1,0][0,10,2,4,2.8,1,0][0,10,3,4,3.8,1,0][0,10,4,4,4.8,1,0][0,10,5,4,5.8,1,0][0,10,6,4,6.8,1,0]
;
tile=Wave6
start=5,1
time=2
type=1
speed=8
distance=1
save=[0,-3.6]
path=roll
bonus=1,1,1,2,3,4,5,6,7
#Wave 10
# Sap xep theo cot
#*0000000*
#*1111111*
#*0000000*
#*1111111*
#*0110110*
[1,19,0,0,0.0,1,1][2,25,1,0,1.0,1,1][1,6,2,0,2.0,1,1][2,8,3,0,3.0,1,1][1,6,4,0,4.0,1,1][2,25,5,0,5.0,1,1][1,19,6,0,6.0,1,1]
[2,25,0,1,0.2,1,1][8,20,1,1,1.2,1,1][2,25,2,1,2.2,1,1][8,20,3,1,3.2,1,1][2,8,4,1,4.2,1,1][8,20,5,1,5.2,1,1][2,25,6,1,6.2,1,1]
[1,19,0,2,0.4,1,1][2,25,1,2,1.4,1,1][1,6,2,2,2.4,1,1][2,8,3,2,3.4,1,1][1,6,4,2,4.4,1,1][2,25,5,2,10.4,1,1][1,19,6,2,6.4,1,1]
[2,25,0,3,0.6,1,1][8,20,1,3,1.6,1,1][2,25,2,3,2.6,1,1][8,20,3,3,3.6,1,1][2,8,4,3,4.6,1,0][8,20,5,3,5.6,1,1][2,25,6,3,6.6,1,1]
[1,19,0,4,0.8,1,1][2,25,1,4,1.8,1,1][1,6,2,4,2.8,1,1][2,8,3,4,3.8,1,1][1,6,4,4,4.8,1,1][2,25,5,4,5.8,1,1][1,19,6,4,6.8,1,1]
;
tile=Wave7
start=5,1
time=2
type=1
speed=8
distance=1
save=[0,-3.6]
path=roll2
bonus=1,1,1,2,3,4,5,6,7
#Wave 11
# Sap xep theo cot
#*0000000*
#*1111111*
#*0000000*
#*1111111*
#*0110110*
[1,19,0,0,0.0,1,1][2,25,1,0,1.0,1,1][1,6,2,0,2.0,1,1][2,8,3,0,3.0,1,1][1,6,4,0,4.0,1,1][2,25,5,0,5.0,1,1][1,19,6,0,6.0,1,1]
[2,25,0,1,0.2,1,1][8,20,1,1,1.2,1,1][2,25,2,1,2.2,1,1][8,20,3,1,3.2,1,1][2,8,4,1,4.2,1,1][8,20,5,1,5.2,1,1][2,25,6,1,6.2,1,1]
[1,19,0,2,0.4,1,1][2,25,1,2,1.4,1,1][1,6,2,2,2.4,1,1][2,8,3,2,3.4,1,1][1,6,4,2,4.4,1,1][2,25,5,2,10.4,1,1][1,19,6,2,6.4,1,1]
[2,25,0,3,0.6,1,1][8,20,1,3,1.6,1,1][2,25,2,3,2.6,1,1][8,20,3,3,3.6,1,1][2,8,4,3,4.6,1,1][8,20,5,3,5.6,1,1][2,25,6,3,6.6,1,1]
[1,19,0,4,0.8,1,1][2,25,1,4,1.8,1,1][1,6,2,4,2.8,1,1][2,8,3,4,3.8,1,1][1,6,4,4,4.8,1,1][2,25,5,4,5.8,1,1][1,19,6,4,6.8,1,1]
;
tile=Wave8
start=5,1
time=2
type=1
speed=8
distance=1
save=[0,-3.6]
path=wdow
bonus=1,1,1,2,3,4,5,6,7
#Wave 12
# Sap xep theo cot
#*0000000*
#*1111111*
#*0000000*
#*1111111*
#*0110110*
[2,30,0,0,0.0,1,1][4,35,1,0,1.0,1,1][2,30,2,0,2.0,1,1][4,35,3,0,3.0,1,1][2,30,4,0,4.0,1,0][4,35,5,0,5.0,1,0][2,30,6,0,6.0,1,0]
[4,35,0,1,0.2,1,1][8,20,1,1,1.2,1,1][4,35,2,1,2.2,1,1][8,20,3,1,3.2,1,1][4,35,4,1,4.2,1,0][8,20,5,1,5.2,1,0][4,35,6,1,6.2,1,0]
[2,30,0,2,0.4,1,1][4,35,1,2,1.4,1,1][2,30,2,2,2.4,1,1][4,35,3,2,3.4,1,0][2,30,4,2,4.4,1,0][4,35,5,2,10.4,1,0][2,30,6,2,6.4,1,0]
[4,35,0,3,0.6,1,1][8,20,1,3,1.6,1,1][4,35,2,3,2.6,1,1][8,20,3,3,3.6,1,0][4,35,4,3,4.6,1,0][8,20,5,3,5.6,1,0][4,35,6,3,6.6,1,0]
[2,30,0,4,0.8,1,1][4,35,1,4,1.8,1,1][2,30,2,4,2.8,1,1][4,35,3,4,3.8,1,0][2,30,4,4,4.8,1,0][4,35,5,4,5.8,1,0][2,30,6,4,6.8,1,0]
;
tile=Wave9
start=5,1
time=2
type=1
speed=8
distance=1
save=[0,-3.6]
path=wdow1
bonus=1,1,1,2,3,4,5,6,7
#Wave 13
# Sap xep theo cot
#*0000000*
#*1111111*
#*0000000*
#*1111111*
#*0110110*
[2,30,0,0,0.0,1,1][4,35,1,0,1.0,1,1][2,30,2,0,2.0,1,1][4,35,3,0,3.0,1,1][2,30,4,0,4.0,1,0][4,35,5,0,5.0,1,0][2,30,6,0,6.0,1,0]
[4,35,0,1,0.2,1,1][8,20,1,1,1.2,1,1][4,35,2,1,2.2,1,1][8,20,3,1,3.2,1,1][4,35,4,1,4.2,1,0][8,20,5,1,5.2,1,0][4,35,6,1,6.2,1,0]
[2,30,0,2,0.4,1,1][4,35,1,2,1.4,1,1][2,30,2,2,2.4,1,1][4,35,3,2,3.4,1,0][2,30,4,2,4.4,1,0][4,35,5,2,10.4,1,0][2,30,6,2,6.4,1,0]
[4,35,0,3,0.6,1,1][8,20,1,3,1.6,1,1][4,35,2,3,2.6,1,1][8,20,3,3,3.6,1,0][4,35,4,3,4.6,1,0][8,20,5,3,5.6,1,0][4,35,6,3,6.6,1,0]
[2,30,0,4,0.8,1,1][4,35,1,4,1.8,1,1][2,30,2,4,2.8,1,1][4,35,3,4,3.8,1,0][2,30,4,4,4.8,1,0][4,35,5,4,5.8,1,0][2,30,6,4,6.8,1,0]
;
tile=Wave10
start=5,1
time=2
type=1
speed=8
distance=1
save=[0,-3.6]
path=vcut1
bonus=1,1,1,2,3,4,5,6,7
#Wave 14
# Sap xep theo cot
#*0000000*
#*1111111*
#*0000000*
#*1111111*
#*0110110*
[2,36,0,0,0.0,1,1][4,40,1,0,1.0,1,1][2,36,2,0,2.0,1,1][4,40,3,0,3.0,1,1][2,36,4,0,4.0,1,1][4,40,5,0,5.0,1,1][2,36,6,0,6.0,1,1]
[4,40,0,1,0.2,1,1][8,20,1,1,1.2,1,1][4,40,2,1,2.2,1,1][8,20,3,1,3.2,1,1][4,40,4,1,4.2,1,1][8,20,5,1,5.2,1,1][4,40,6,1,6.2,1,1]
[2,36,0,2,0.4,1,1][4,40,1,2,1.4,1,1][2,36,2,2,2.4,1,1][4,40,3,2,3.4,1,1][2,36,4,2,4.4,1,1][4,40,5,2,10.4,1,1][2,36,6,2,6.4,1,1]
[4,40,0,3,0.6,1,1][8,20,1,3,1.6,1,1][4,40,2,3,2.6,1,1][8,20,3,3,3.6,1,1][4,40,4,3,4.6,1,1][8,20,5,3,5.6,1,1][4,40,6,3,6.6,1,1]
[2,36,0,4,0.8,1,1][4,40,1,4,1.8,1,1][2,36,2,4,2.8,1,1][4,40,3,4,3.8,1,1][2,36,4,4,4.8,1,1][4,40,5,4,5.8,1,1][2,36,6,4,6.8,1,1]
;
tile=Wave11
start=5,1
time=2
type=1
speed=8
distance=1
save=[0,-3.6]
path=vcut2
#Wave 15
# Sap xep theo cot
#*0000000*
#*1111111*
#*0000000*
#*1111111*
#*0110110*
[2,36,0,0,0.0,1,1][4,40,1,0,1.0,1,1][2,36,2,0,2.0,1,1][4,40,3,0,3.0,1,1][2,36,4,0,4.0,1,1][4,40,5,0,5.0,1,1][2,36,6,0,6.0,1,1]
[4,40,0,1,0.2,1,1][8,20,1,1,1.2,1,1][4,40,2,1,2.2,1,1][8,20,3,1,3.2,1,1][4,40,4,1,4.2,1,1][8,20,5,1,5.2,1,1][4,40,6,1,6.2,1,1]
[2,36,0,2,0.4,1,1][4,40,1,2,1.4,1,1][5,17,2,2,2.4,1,1][4,40,3,2,3.4,1,1][5,17,4,2,4.4,1,1][4,40,5,2,10.4,1,1][2,36,6,2,6.4,1,1]
[4,40,0,3,0.6,1,1][8,20,1,3,1.6,1,1][4,40,2,3,2.6,1,1][8,20,3,3,3.6,1,1][4,35,4,3,4.6,1,1][8,20,5,3,5.6,1,1][4,40,6,3,6.6,1,1]
[2,36,0,4,0.8,1,1][4,40,1,4,1.8,1,1][2,36,2,4,2.8,1,1][4,40,3,4,3.8,1,1][2,20,4,4,4.8,1,1][4,40,5,4,5.8,1,1][2,36,6,4,6.8,1,1]
;
tile=Meteorite!
distance=1
start=0,-1
time=1
type=2
thienthach=1
speed=1
#Wave 16
# 2 khong sap xep theo hang cot
#*1*3*4*5*
#**2*4*6**
#*1011101*
#*3333333*
#*0110110*
[3,2,0,0,1.0,1,0][0,1,1,0,1.0,1,0][2,6,3,0,4.0,1,0][0,6,3,0,3.3,1,1][0,2,10,0,1.6,1,1][3,13,6,0,2.6,1,1]
[0,1,0,1,1.2,1,0][2,25,1,1,2.2,1,0][1,20,2,1,2.2,1,0][3,50,2,1,1.4,1,1][1,1,5,1,1.8,1,1][1,5,6,1,2.8,1,1]
[2,3,0,2,1.4,1,0][1,3,2,2,3.0,1,0][2,3,2,2,2.4,1,0][0,5,1,2,1.9,1,1][1,5,4,2,1.0,1,1][3,30,5,2,2.0,1,1]
[0,1,0,3,1.6,1,0][3,3,1,3,2.6,1,0][3,1,2,3,2.6,1,0][3,5,1,3,5.2,1,1][0,20,4,3,1.2,1,1][1,15,5,3,2.2,1,1][1,5,6,3,3.3,1,1]
[3,20,0,4,2.2,1,0][2,100,2,4,2.8,1,0][1,3,2,4,1.2,1,0][0,5,3,4,5.4,1,1][1,5,4,4,0.2,1,1][3,7,5,4,2.4,1,1][3,50,6,4,3.4,1,1]
[3,3,0,5,2.3,1,0][2,15,2,10,2.8,1,0][1,3,2,10,1.2,1,0][0,5,1,3,5.4,1,1][1,5,4,5,0.2,1,1][3,7,5,5,2.4,1,1][3,13,6,5,3.4,1,1]
[2,30,0,6,1.4,1,0][2,30,2,6,2.4,1,0][0,30,3,13,1.9,1,1][1,5,4,6,1.0,1,1][3,1,5,6,2.0,1,1][1,30,6,6,3.0,1,1]
[3,3,1,13,3.0,1,0][1,30,2,7,2.4,1,0][0,30,3,7,1.9,1,1][1,5,4,40,1.0,1,1][2,1,5,7,2.0,1,1][3,30,6,7,3.0,1,1]
[3,3,0,7,1.4,1,0][2,30,2,7,2.4,1,0][0,30,3,7,1.9,1,1][2,1,5,7,4.0,1,1][0,30,6,7,3.0,1,1]
;
tile=Iron Enemy!
start=5,1
time=1
speed=7
type=1
attack=true
distance=1
#Wave 17
#0*0123456*
#1*0123456*
#2*0123456*
#3*0123456*
[7,48,3,0,1,1,1]
[7,48,1,1,1,1,1][7,48,5,1,1,1,0]
[7,48,3,2,1,1,1]
[7,48,1,3,1,1,1][7,48,5,3,1,1,0]
[7,48,3,4,1,1,1]
;
tile=Meteorite!
distance=1
start=0,-1
time=1
type=2
thienthach=1
speed=1
#Wave 15
# 2 khong sap xep theo hang cot
#*1*3*4*5*
#**2*4*6**
#*1011101*
#*3333333*
#*0110110*
[3,2,0,0,1.0,1,0][0,1,1,0,1.0,1,0][2,100,2,0,2.0,1,0][2,6,3,0,4.0,1,0][0,6,3,0,3.3,1,1][0,2,10,0,1.6,1,1][3,13,6,0,2.6,1,1]
[0,1,0,1,1.2,1,0][2,25,1,1,2.2,1,0][1,20,2,1,2.2,1,0][2,10,3,1,4.2,1,0][3,50,2,1,1.4,1,1][1,1,5,1,1.8,1,1][1,5,6,1,2.8,1,1]
[2,3,0,2,1.4,1,0][1,3,2,2,3.0,1,0][2,3,2,2,2.4,1,0][0,5,1,2,1.9,1,1][1,5,4,2,1.0,1,1][3,30,5,2,2.0,1,1][1,5,6,2,3.0,1,1]
[0,1,0,3,1.6,1,0][3,3,1,3,2.6,1,0][3,1,2,3,2.6,1,0][3,5,1,3,5.2,1,1][0,20,4,3,1.2,1,1][1,15,5,3,2.2,1,1][1,5,6,3,3.3,1,1]
[3,20,0,4,2.2,1,0][2,100,2,4,2.8,1,0][1,3,2,4,1.2,1,0][0,5,3,4,5.4,1,1][1,5,4,4,0.2,1,1][3,7,5,4,2.4,1,1][3,50,6,4,3.4,1,1]
[3,3,0,5,2.3,1,0][2,15,2,10,2.8,1,0][1,3,2,10,1.2,1,0][0,5,1,3,5.4,1,1][1,5,4,5,0.2,1,1][3,7,5,5,2.4,1,1][3,13,6,5,3.4,1,1]
[2,3,0,6,1.4,1,0][1,3,1,6,3.0,1,0][2,30,2,6,2.4,1,0][0,30,3,13,1.9,1,1][1,5,4,6,1.0,1,1][3,1,5,6,2.0,1,1][1,30,6,6,3.0,1,1]
[1,3,0,7,1.4,1,0][3,3,1,13,3.0,1,0][1,30,2,7,2.4,1,0][0,30,3,7,1.9,1,1][1,5,4,40,1.0,1,1][2,1,5,7,2.0,1,1][3,30,6,7,3.0,1,1]
[3,3,0,7,1.4,1,0][2,30,2,7,2.4,1,0][0,30,3,7,1.9,1,1][2,1,5,7,4.0,1,1][0,30,6,7,3.0,1,1]
;
tile=Iron Enemy!
start=5,1
time=1
speed=7
type=1
attack=true
#Wave 16
#0*0123456*
#1*0123456*
#2*0123456*
#3*0123456*
[9,50,3,0,1,1,1]
[9,50,1,1,1,1,1][9,32,10,1,1,1,0]
[9,50,3,2,1,1,1]
[9,50,1,3,1,1,1][9,32,10,3,1,1,0]
[9,50,3,4,1,1,1]
;
boss=6