#[0] Type
#[1] Health
#[2] dx
#[3] dy
#[4] Delay 
#[5] Speed
#[6] Arrow
#__________
tile=Wave2
distance=1
start=0,3
time=1
type=2
speed=4
bonus=1,1,1,2,3,4,5,6,7
#Wave 1
# 2 
#*1*3*4*5*
#**2*4*6**
#*1011101*
#*3333333*
#*0110110*
[1,7,0,0,3,1,1][2,10,1,0,2,1,1][3,6,2,0,1,1,1][3,6,3,0,0,1,0][2,10,4,0,1,1,0][1,7,5,0,2,1,0]
[2,10,0,1,3,1,1][0,5,1,1,2,1,1][0,5,2,1,1,1,1][0,5,3,1,0,1,0][0,5,4,1,1,1,0][0,5,5,1,2,1,0]
[1,7,0,2,3,1,1][3,6,1,2,2,1,1][3,6,2,2,1,1,1][3,6,3,2,0,1,0][3,6,4,2,1,1,0][1,7,5,2,2,1,0]
[2,10,0,3,3,1,1][0,5,1,3,2,1,1][0,5,2,3,1,1,1][0,5,3,3,0,1,0][0,5,4,3,1,1,0][0,5,5,3,2,1,0]
[1,7,0,4,3,1,1][2,10,1,4,2,1,1][3,6,2,4,1,1,1][3,6,3,4,0,1,0][2,10,4,4,1,1,0][1,7,5,4,2,1,0]
;
tile=Wave3
start=5,1
time=2
type=1
speed=8
distance=1
save=[0,-3.6]
bonus=1,1,1,2,3,4,5,6,7
#Wave 2
# Sap xep theo cot
#*0000000*
#*1111111*
#*0000000*
#*1111111*
#*0110110*
[4,18,0,0,0.0,1,1][3,12,1,0,1.0,1,1][4,18,2,0,2.0,1,1][3,12,3,0,3.0,1,1][4,18,4,0,4.0,1,1][3,12,5,0,5.0,1,1][4,18,6,0,6.0,1,1]
[3,12,0,1,0.2,1,1][8,20,1,1,1.2,1,1][3,12,2,1,2.2,1,1][8,20,3,1,3.2,1,1][3,12,4,1,4.2,1,1][8,20,5,1,5.2,1,1][3,12,6,1,6.2,1,1]
[4,18,0,2,0.4,1,1][3,12,1,2,1.4,1,1][4,18,2,2,2.4,1,1][3,12,3,2,3.4,1,1][4,18,4,2,4.4,1,1][3,12,5,2,5.4,1,1][4,18,6,2,6.4,1,1]
[3,12,0,3,0.6,1,1][8,20,1,3,1.6,1,1][3,12,2,3,2.6,1,1][8,20,3,3,3.6,1,1][3,12,4,3,4.6,1,1][8,20,5,3,5.6,1,1][3,12,6,3,6.6,1,1]
[4,18,0,4,0.8,1,1][3,12,1,4,1.8,1,1][4,18,2,4,2.8,1,1][3,12,3,4,3.8,1,1][4,18,4,4,4.8,1,1][3,12,5,4,5.8,1,1][4,18,6,4,6.8,1,1]
;
tile=Wave4
start=5,1
time=2
type=1
speed=8
distance=1
path=wave
attack=true
save=[0,-3.6]
bonus=1,1,1,2,3,4,5,6,7
#Wave 3
# Sap xep theo cot
#*0000000*
#*1111111*
#*0000000*
#*1111111*
#*0110110*
[4,20,0,0,0.0,1,1][3,15,1,0,1.0,1,1][4,20,2,0,2.0,1,1][3,15,3,0,3.0,1,1][4,20,4,0,4.0,1,1][3,15,5,0,5.0,1,1][4,20,6,0,6.0,1,1]
[3,15,0,1,0.2,1,1][8,25,1,1,1.2,1,1][3,15,2,1,2.2,1,1][8,25,3,1,3.2,1,1][3,15,4,1,4.2,1,1][8,25,5,1,5.2,1,1][3,15,6,1,6.2,1,1]
[4,20,0,2,0.4,1,1][3,15,1,2,1.4,1,1][4,20,2,2,2.4,1,1][3,15,3,2,3.4,1,1][4,20,4,2,4.4,1,1][3,15,5,2,5.4,1,1][4,20,6,2,6.4,1,1]
[3,15,0,3,0.6,1,1][8,25,1,3,1.6,1,1][3,15,2,3,2.6,1,1][8,25,3,3,3.6,1,1][3,15,4,3,4.6,1,1][8,25,5,3,5.6,1,1][3,15,6,3,6.6,1,1]
[13,25,0,4,0.8,1,1][13,25,1,4,1.8,1,1][13,25,2,4,2.8,1,1][13,25,3,4,3.8,1,1][13,25,4,4,4.8,1,1][13,25,5,4,5.8,1,1][13,25,6,4,6.8,1,1]
;
tile=Wave5
start=5,1
time=2
type=1
speed=8
distance=1
path=square
save=[0,-3.6]
bonus=1,1,1,2,3,4,5,6,7
#Wave 4
# Sap xep theo cot
#*0000000*
#*1111111*
#*0000000*
#*1111111*
#*0110110*
[4,20,0,0,0.0,1,1][3,15,1,0,1.0,1,1][4,20,2,0,2.0,1,1][3,15,3,0,3.0,1,1][4,20,4,0,4.0,1,1][3,15,5,0,5.0,1,1][4,20,6,0,6.0,1,1]
[3,15,0,1,0.2,1,1][8,25,1,1,1.2,1,1][3,15,2,1,2.2,1,1][8,25,3,1,3.2,1,1][3,15,4,1,4.2,1,1][8,25,5,1,5.2,1,1][3,15,6,1,6.2,1,1]
[4,20,0,2,0.4,1,1][3,15,1,2,1.4,1,1][4,20,2,2,2.4,1,1][3,15,3,2,3.4,1,1][4,20,4,2,4.4,1,1][3,15,5,2,5.4,1,1][4,20,6,2,6.4,1,1]
[3,15,0,3,0.6,1,1][8,25,1,3,1.6,1,1][3,15,2,3,2.6,1,1][8,25,3,3,3.6,1,1][3,15,4,3,4.6,1,1][8,25,5,3,5.6,1,1][3,15,6,3,6.6,1,1]
[13,13,0,4,0.8,1,1][13,13,1,4,1.8,1,1][13,13,2,4,2.8,1,1][13,13,3,4,3.8,1,1][13,13,4,4,4.8,1,1][13,13,5,4,5.8,1,1][13,13,6,4,6.8,1,1]
;
tile=Wave6
start=5,1
time=2
type=1
speed=8
distance=1
path=star
save=[0,-3.6]
#Wave 5
# Sap xep theo cot
#*0000000*
#*1111111*
#*0000000*
#*1111111*
#*0110110*
[3,25,0,0,0.0,1,1][2,20,1,0,1.0,1,1][3,25,2,0,2.0,1,1][2,20,3,0,3.0,1,1][3,25,4,0,4.0,1,1][2,20,5,0,5.0,1,1][3,25,6,0,6.0,1,1]
[2,20,0,1,0.2,1,1][7,32,1,1,1.2,1,1][2,20,2,1,2.2,1,1][7,32,3,1,3.2,1,1][2,20,4,1,4.2,1,1][7,32,5,1,5.2,1,1][2,20,6,1,6.2,1,1]
[3,25,0,2,0.4,1,1][2,20,1,2,1.4,1,1][3,25,2,2,2.4,1,1][2,20,3,2,3.4,1,1][3,25,4,2,4.4,1,1][2,20,5,2,5.4,1,1][3,25,6,2,6.4,1,1]
[2,20,0,3,0.6,1,1][7,32,1,3,1.6,1,1][2,20,2,3,2.6,1,1][7,32,3,3,3.6,1,1][2,20,4,3,4.6,1,1][7,32,5,3,5.6,1,1][2,20,6,3,6.6,1,1]
[15,30,0,4,0.8,1,1][15,30,1,4,1.8,1,1][15,30,2,4,2.8,1,1][15,30,3,4,3.8,1,1][15,30,4,4,4.8,1,1][15,30,5,4,5.8,1,1][15,30 ,6,4,6.8,1,1]
;
tile=Iron Enemy!
start=5,1
time=1
speed=7
type=1
attack=true
#Wave 6
#0*0123456*
#1*0123456*
#2*0123456*
#3*0123456*
[5,40,3,0,1,1,1]
[5,40,1,1,1,1,1][5,40,5,1,1,1,0]
[5,40,3,2,1,1,1]
[5,40,1,3,1,1,1][5,40,5,3,1,1,0]
[5,40,3,4,1,1,1]
;
tile=Iron Enemy!
start=5,1
time=1
speed=7
type=1
bonus=1,1,1,2,3,4,5,6,7
attack=true
#Wave 7
#0*0123456*
#1*0123456*
#2*0123456*
#3*0123456*
[13,45,3,0,1,1,1]
[13,45,1,1,1,1,1][13,40,5,1,1,1,0]
[13,45,3,2,1,1,1]
[13,40,1,3,1,1,1][13,40,5,3,1,1,0]
[13,40,3,4,1,1,1]
;
tile=Space 3!
start=5,1
bonus=1,1,0,1,2,3,4,5,6,7
time=1
speed=9
distance=0.8
type=1
#Wave 8
#0*0123456*
#1*0123456*
#2*0123456*
#3*0123456*
[9,90,0,0,0.2,1,1][9,90,3,0,1.0,1,0][9,90,6,0,1.8,1,0]
[9,90,0,2,0.4,1,0][9,90,3,2,1.2,1,1][9,90,6,2,2.0,1,0]
[9,90,0,4,0.6,1,1][9,90,3,4,1.4,1,0][9,90,6,4,2.2,1,0]
;
tile=Iron Enemy!
start=5,1
bonus=1,1,0,1,2,3,4,5,6,7
time=1
speed=7
type=1
attack=true
#Wave 9
#0*0123456*
#1*0123456*
#2*0123456*
#3*0123456*
[7,55,3,0,1,1,1]
[7,55,1,1,1,1,1][7,55,5,1,1,1,0]
[7,55,3,2,1,1,1]
[7,55,1,3,1,1,1][7,55,5,3,1,1,0]
[7,55,3,4,1,1,1]
;
tile=Space 3!
start=5,1
bonus=1,1,0,1,2,3,4,5,6,7
time=1
speed=9
distance=0.8
type=1
bonus=1,1,1,2,3,4,5,6,7
#Wave 10
#0*0123456*
#1*0123456*
#2*0123456*
#3*0123456*
[9,90,0,0,0.2,1,1][9,90,3,0,1.0,1,0][9,90,6,0,1.8,1,0]
[9,6,00,2,0.4,1,0][9,90,3,2,1.2,1,1][9,90,6,2,2.0,1,0]
[9,90,0,4,0.6,1,1][9,90,3,4,1.4,1,0][9,90,6,4,2.2,1,0]
;
tile=Enemy Fly 123!
start=5,1
time=1
speed=5
type=2
distance=1.1
#Wave 11
#0*0123456*
#1**12345**
#2***234***
#3****3****
#4**1*3*5**
[2,40,0,0,0,1,0][1,20,1,0,0,1,0][1,20,2,0,0,1,0][1,20,3,0,0,1,0][1,20,4,0,0,1,0][1,20,5,0,0,1,1][2,40,6,0,0,1,0]
[2,40,1,1,1,1,1][1,20,2,1,1,1,1][1,20,3,1,1,1,1][1,20,4,1,1,1,1][2,40,5,1,1,1,1]
[2,40,1,2,2,1,0][6,70,3,2,0,1,0][2,40,5,2,2,1,0]
[6,70,1,3,0,1,1][3,27,3,3,0,1,1][6,70,5,3,0,1,1]
[8,60,1,4,0,1,1][8,60,3,4,0,1,1][8,60,5,4,0,1,1]
;
tile=Enemy Fly 123!
start=5,1
time=1
speed=5
type=2
distance=1.1
#Wave 12
#0*0123456*
#1**12345**
#2***234***
#3****3****
#4**1*3*5**
[2,40,0,0,0,1,0][1,20,1,0,0,1,0][1,20,2,0,0,1,0][1,20,3,0,0,1,0][1,20,4,0,0,1,0][1,20,5,0,0,1,1][2,40,6,0,0,1,0]
[2,40,1,1,1,1,1][1,20,2,1,1,1,1][1,20,3,1,1,1,1][1,20,4,1,1,1,1][2,40,5,1,1,1,1]
[2,40,1,2,2,1,0][6,70,3,2,0,1,0][2,40,5,2,2,1,0]
[6,80,1,3,0,1,1][3,35,3,3,0,1,1][6,80,5,3,0,1,1]
[9,90,1,4,0,1,1][9,90,3,4,0,1,1][9,90,5,4,0,1,1]
;
tile=Enemy Fly 123!
start=5,1
time=1
speed=5
type=2
distance=1.1
bonus=1,1,1,2,3,4,5,6,7
#Wave 13
#0*0123456*
#1**12345**
#2***234***
#3****3****
#4**1*3*5**
[2,40,0,0,0,1,0][1,20,1,0,0,1,0][1,20,2,0,0,1,0][1,20,3,0,0,1,0][1,20,4,0,0,1,0][1,20,5,0,0,1,1][2,40,6,0,0,1,0]
[2,40,1,1,1,1,1][1,20,2,1,1,1,1][1,20,3,1,1,1,1][1,20,4,1,1,1,1][2,40,5,1,1,1,1]
[2,40,1,2,2,1,0][6,70,3,2,0,1,0][2,40,5,2,2,1,0]
[6,80,1,3,0,1,1][3,35,3,3,0,1,1][6,80,5,3,0,1,1]
[9,90,1,4,0,1,1][9,90,3,4,0,1,1][9,90,5,4,0,1,1]