tile=Meteorite!
distance=1
start=0,-1
time=1
type=2
thienthach=1
speed=1
bonus=0,1,1,2,3,4,5,6,7
#Wave 1
# 2 khong sap xep theo hang cot
#*1*3*4*5*
#**2*4*6**
#*1011101*
#*3333333*
#*0110110*
[3,2,0,0,1.0,1,0][0,1,1,0,1.0,1,0][2,2,2,0,2.0,1,0][2,6,3,0,4.0,1,0][0,6,3,0,3.3,1,1][0,2,5,0,1.6,1,1][3,4,6,0,2.6,1,1]
[0,1,0,1,1.2,1,0][2,25,1,1,2.2,1,0][1,20,2,1,2.2,1,0][2,5,3,1,4.2,1,0][3,15,2,1,1.4,1,1][1,1,5,1,1.8,1,1][1,5,6,1,2.8,1,1]
[2,20,0,2,1.4,1,0][1,3,2,2,3.0,1,0][2,3,2,2,2.4,1,0][0,5,1,2,1.9,1,1][1,5,4,2,1.0,1,1][3,1,5,2,2.0,1,1][1,2,6,2,3.0,1,1]
[0,1,0,3,1.6,1,0][3,3,1,3,2.6,1,0][3,1,2,3,2.6,1,0][3,50,1,3,5.2,1,1][0,2,4,3,1.2,1,1][1,2,5,3,2.2,1,1][1,1,6,3,3.3,1,1]
[3,1,0,4,2.2,1,0][2,1,2,4,2.8,1,0][1,3,2,4,1.2,1,0][0,2,3,4,5.4,1,1][1,5,4,4,0.2,1,1][3,15,5,4,2.4,1,1][3,1,6,4,3.4,1,1]
[3,3,0,5,2.3,1,0][2,50,2,5,2.8,1,0][1,3,2,5,1.2,1,0][0,1,1,3,5.4,1,1][1,5,4,5,0.2,1,1][3,7,5,5,2.4,1,1][3,2,6,5,3.4,1,1]
[2,3,0,6,1.4,1,0][1,3,1,6,3.0,1,0][2,1,2,6,2.4,1,0][0,2,3,6,1.9,1,1][1,5,4,6,1.0,1,1][3,1,5,6,2.0,1,1][1,2,6,6,3.0,1,1]
[1,3,0,7,1.4,1,0][3,3,1,7,3.0,1,0][1,1,2,7,2.4,1,0][0,1,3,7,1.9,1,1][1,5,4,7,1.0,1,1][2,1,5,7,2.0,1,1][3,1,6,7,3.0,1,1]
[3,3,0,7,1.4,1,0][2,30,2,7,2.4,1,0][0,2,3,7,1.9,1,1][2,1,5,7,4.0,1,1][0,1,6,7,3.0,1,1]
;
tile=Meteorite!
distance=1
start=0,-1
time=1
type=2
thienthach=1
speed=1
bonus=1,2,1,2,3,4,5,6,7
#Wave 2
# 2 khong sap xep theo hang cot
#*1*3*4*5*
#**2*4*6**
#*1011101*
#*3333333*
#*0110110*
[3,2,0,0,1.0,1,0][0,1,1,0,1.0,1,0][2,2,2,0,2.0,1,0][2,6,3,0,4.0,1,0][0,6,3,0,3.3,1,1][0,20,5,0,1.6,1,1][3,4,6,0,2.6,1,1]
[0,1,0,1,1.2,1,0][2,25,1,1,2.2,1,0][1,20,2,1,2.2,1,0][2,5,3,1,4.2,1,0][3,1,2,1,1.4,1,1][1,1,5,1,1.8,1,1][1,20,6,1,2.8,1,1]
[2,3,0,2,1.4,1,0][1,3,2,2,3.0,1,0][2,3,2,2,2.4,1,0][0,5,1,2,1.9,1,1][1,5,4,2,1.0,1,1][3,1,5,2,2.0,1,1][1,2,6,2,3.0,1,1]
[0,1,0,3,1.6,1,0][3,20,1,3,2.6,1,0][3,20,2,3,2.6,1,0][3,40,1,3,5.2,1,1][0,30,4,3,1.2,1,1][1,30,5,3,2.2,1,1][1,1,6,3,3.3,1,1]
[3,20,0,4,2.2,1,0][2,1,2,4,2.8,1,0][1,3,2,4,1.2,1,0][0,20,3,4,5.4,1,1][1,5,4,4,0.2,1,1][3,1,5,4,2.4,1,1][3,40,6,4,3.4,1,1]
[3,3,0,5,2.3,1,0][2,20,2,5,2.8,1,0][1,3,2,5,1.2,1,0][0,1,1,3,5.4,1,1][1,5,4,5,0.2,1,1][3,7,5,5,2.4,1,1][3,2,6,5,3.4,1,1]
[2,3,0,6,1.4,1,0][1,3,1,6,3.0,1,0][2,20,2,6,2.4,1,0][0,2,3,6,1.9,1,1][1,5,4,6,1.0,1,1][3,1,5,6,2.0,1,1][1,2,6,6,3.0,1,1]
[1,3,0,7,1.4,1,0][3,3,1,7,3.0,1,0][1,1,2,7,2.4,1,0][0,1,3,7,1.9,1,1][1,5,4,7,1.0,1,1][2,1,5,7,2.0,1,1][3,1,6,7,3.0,1,1]
[3,40,0,7,1.4,1,0][2,30,2,7,2.4,1,0][0,2,3,7,1.9,1,1][2,1,5,7,4.0,1,1][0,1,6,7,3.0,1,1]
;
tile=Wave6
start=5,1
time=2
type=1
speed=8
distance=1
path=star
save=[0,-3.6]
bonus=0,1,1,2,3,4,5,6,7
loop=true
#Wave 3
# Sap xep theo cot
#*0000000*
#*1111111*
#*0000000*
#*1111111*
#*0110110*
[3,10,0,0,0.0,1,1][2,8,1,0,1.0,1,1][3,10,2,0,2.0,1,1][2,8,3,0,3.0,1,1][3,10,4,0,4.0,1,1][2,8,5,0,5.0,1,1][3,10,6,0,6.0,1,1]
[2,8,0,1,0.2,1,1][7,35,1,1,1.2,1,1][2,8,2,1,2.2,1,1][7,35,3,1,3.2,1,1][2,8,4,1,4.2,1,1][7,35,5,1,5.2,1,1][2,8,6,1,6.2,1,1]
[3,10,0,2,0.4,1,1][2,8,1,2,1.4,1,1][3,10,2,2,2.4,1,1][2,8,3,2,3.4,1,1][3,10,4,2,4.4,1,1][2,8,5,2,5.4,1,1][3,10,6,2,6.4,1,1]
[2,8,0,3,0.6,1,1][7,35,1,3,1.6,1,1][2,8,2,3,2.6,1,1][7,35,3,3,3.6,1,1][2,8,4,3,4.6,1,1][7,35,5,3,5.6,1,1][2,8,6,3,6.6,1,1]
[3,20,0,4,0.8,1,1][2,6,1,4,1.8,1,1][3,20,2,4,2.8,1,1][2,8,3,4,3.8,1,1][3,20,4,4,4.8,1,1][2,8,5,4,5.8,1,1][3,20,6,4,6.8,1,1]
;
tile=Wave9
start=5,1
time=2
type=1
speed=8
distance=1
save=[0,-3.6]
path=straight,straight1
bonus=1,1,1,2,3,4,5,6,7
#Wave 4
# Sap xep theo cot
#*0000000*
#*1111111*
#*0000000*
#*1111111*
#*0110110*
[4,28,0,0,0.0,1,1][5,12,1,0,1.0,1,1][4,28,2,0,2.0,1,1][5,12,3,0,3.0,1,1][4,28,4,0,4.0,1,0][5,12,5,0,5.0,1,0][4,28,6,0,6.0,1,0]
[5,12,0,1,0.2,1,1][4,28,1,1,1.2,1,1][5,12,2,1,2.2,1,1][4,28,3,1,3.2,1,1][5,12,4,1,4.2,1,0][4,28,5,1,5.2,1,0][5,12,6,1,6.2,1,0]
[4,28,0,2,0.4,1,1][5,12,1,2,1.4,1,1][4,28,2,2,2.4,1,1][5,12,3,2,3.4,1,0][4,28,4,2,4.4,1,0][5,12,5,2,5.4,1,0][4,28,6,2,6.4,1,0]
[5,12,0,3,0.6,1,1][4,28,1,3,1.6,1,1][5,12,2,3,2.6,1,1][4,28,3,3,3.6,1,0][5,12,4,3,4.6,1,0][4,28,5,3,5.6,1,0][5,12,6,3,6.6,1,0]
[4,28,0,4,0.8,1,1][5,12,1,4,1.8,1,1][4,28,2,4,2.8,1,1][5,12,3,4,3.8,1,0][4,28,4,4,4.8,1,0][5,12,5,4,5.8,1,0][4,28,6,4,6.8,1,0]
;
tile=Wave9
start=5,1
time=2
type=1
speed=8
distance=1
save=[0,-3.6]
path=straight1,straight2
bonus=1,1,1,2,3,4,5,6,7
#Wave 5
# Sap xep theo cot
#*0000000*
#*1111111*
#*0000000*
#*1111111*
#*0110110*
[4,28,0,0,0.0,1,1][5,12,1,0,1.0,1,1][4,28,2,0,2.0,1,1][5,12,3,0,3.0,1,1][4,28,4,0,4.0,1,0][5,12,5,0,5.0,1,0][4,28,6,0,6.0,1,0]
[5,12,0,1,0.2,1,1][4,28,1,1,1.2,1,1][5,12,2,1,2.2,1,1][4,28,3,1,3.2,1,1][5,12,4,1,4.2,1,0][4,28,5,1,5.2,1,0][5,12,6,1,6.2,1,0]
[4,28,0,2,0.4,1,1][5,12,1,2,1.4,1,1][4,28,2,2,2.4,1,1][5,12,3,2,3.4,1,0][4,28,4,2,4.4,1,0][5,12,5,2,5.4,1,0][4,28,6,2,6.4,1,0]
[5,12,0,3,0.6,1,1][4,28,1,3,1.6,1,1][5,12,2,3,2.6,1,1][4,28,3,3,3.6,1,0][5,12,4,3,4.6,1,0][4,28,5,3,5.6,1,0][5,12,6,3,6.6,1,0]
[4,28,0,4,0.8,1,1][5,12,1,4,1.8,1,1][4,28,2,4,2.8,1,1][5,12,3,4,3.8,1,0][4,28,4,4,4.8,1,0][5,12,5,4,5.8,1,0][4,28,6,4,6.8,1,0]
;
tile=Wave9
start=5,1
time=2
type=1
speed=8
distance=1
save=[0,-3.6]
path=straight,straight2
bonus=0,2,1,2,3,4,5,6,7
#Wave 6
# Sap xep theo cot
#*0000000*
#*1111111*
#*0000000*
#*1111111*
#*0110110*
[4,35,0,0,0.0,1,1][5,40,1,0,1.0,1,1][4,35,2,0,2.0,1,1][5,40,3,0,3.0,1,1][4,35,4,0,4.0,1,0][5,40,5,0,5.0,1,0][4,35,6,0,6.0,1,0]
[5,40,0,1,0.2,1,1][4,35,1,1,1.2,1,1][5,40,2,1,2.2,1,1][4,35,3,1,3.2,1,1][5,40,4,1,4.2,1,0][4,35,5,1,5.2,1,0][5,40,6,1,6.2,1,0]
[4,35,0,2,0.4,1,1][5,40,1,2,1.4,1,1][4,35,2,2,2.4,1,1][5,40,3,2,3.4,1,0][4,35,4,2,4.4,1,0][5,40,5,2,5.4,1,0][4,35,6,2,6.4,1,0]
[5,40,0,3,0.6,1,1][4,35,1,3,1.6,1,1][5,40,2,3,2.6,1,1][4,35,3,3,3.6,1,0][5,40,4,3,4.6,1,0][4,35,5,3,5.6,1,0][5,40,6,3,6.6,1,0]
[4,35,0,4,0.8,1,1][5,40,1,4,1.8,1,1][4,35,2,4,2.8,1,1][5,40,3,4,3.8,1,0][4,35,4,4,4.8,1,0][5,40,5,4,5.8,1,0][4,35,6,4,6.8,1,0]
;
tile=Enemy Wave!
start=5,-4
speed=10
distance=1.1
time=1
type=1
safe=[0,-3.6]
bonus=1,3,1,2,3,4,5,6,7
path=acher2,archer
#Wave 7
[3,30,0,0,0.0,1,0][3,30,1,0,1.0,1,0][3,30,2,0,2.0,1,0][3,30,3,0,3.0,1,0][3,30,4,0,4.0,1,0][3,30,5,0,5.0,1,0][3,30,6,0,6.0,1,0]
[5,45,0,1,0.2,1,0][5,45,1,1,1.2,1,0][5,45,2,1,2.2,1,0][5,45,3,1,3.2,1,0][5,45,4,1,4.2,1,0][5,45,5,1,5.2,1,0][5,45,6,1,6.2,1,0]
[5,45,0,2,0.4,1,0][5,45,1,2,1.4,1,0][5,45,2,2,2.4,1,0][5,45,3,2,3.4,1,0][5,45,4,2,4.4,1,0][5,45,5,2,5.4,1,0][5,45,6,2,6.4,1,0]
[5,45,0,3,0.6,1,0][5,45,1,3,1.6,1,0][5,45,2,3,2.6,1,0][5,45,3,3,3.6,1,0][5,45,4,3,4.6,1,0][5,45,5,3,5.6,1,0][5,45,6,3,6.6,1,0]
[5,45,0,4,0.8,1,0][5,45,1,4,1.8,1,0][5,45,2,4,2.8,1,0][5,45,3,4,3.8,1,0][5,45,4,4,4.8,1,0][5,45,5,4,5.8,1,0][5,45,6,4,6.8,1,0]
;
tile=Enemy Space!
start=5,1
time=1
speed=6
type=1
distance=1.2
bonus=1,2,1,2,3,4,5,6,7
#Wave 8
#0*0123456*
#1*0123456*
#2*0123456*
#3*0123456*
[15,48,1,1,0,1,1][6,50,6,1,3,1,0]
[6,50,3,2,6,1,0][15,48,4,2,9,1,1]
[15,48,1,3,12,1,1][6,50,6,3,15,1,0]
[6,50,3,4,18,1,0][15,48,4,4,21,1,1]
[11,50,1,5,1,1,0][11,50,2,5,1,1,0][11,5,03,5,1,1,0][11,50,4,5,0,1,0][11,5,5,5,0,1,0][11,50,6,5,0,1,0]
;
tile=Enemy Space!
start=5,1
time=1
speed=6
type=1
distance=1.2
bonus=1,1,1,2,3,4,5,6,7
#Wave 9
#0*0123456*
#1*0123456*
#2*0123456*
#3*0123456*
[11,50,1,1,0,1,1][6,55,6,1,3,1,0]
[6,55,3,2,6,1,0][11,50,4,2,9,1,1]
[11,50,1,3,12,1,1][6,55,6,3,15,1,0]
[6,55,3,4,18,1,0][11,50,4,4,21,1,1]
[11,50,1,5,1,1,0][11,50,2,5,1,1,0][11,50,3,5,1,1,0][11,50,4,5,0,1,0][11,50,5,5,0,1,0][11,50,6,5,0,1,0]
;
tile=Enemy Wave!
start=5,-4
speed=10
distance=1.1
time=1
type=1
safe=[0,-3.6]
bonus=0,1,1,2
#Wave 10
[3,13,0,0,0.0,1,0][3,13,1,0,1.0,1,0][3,13,2,0,2.0,1,0][3,13,3,0,3.0,1,0][3,13,4,0,4.0,1,0][3,13,5,0,5.0,1,0][3,13,6,0,6.0,1,0]
[4,20,0,1,0.2,1,0][4,20,1,1,1.2,1,0][4,20,2,1,2.2,1,0][4,20,3,1,3.2,1,0][4,20,4,1,4.2,1,0][4,20,5,1,5.2,1,0][4,20,6,1,6.2,1,0]
[4,20,0,2,0.4,1,0][4,20,1,2,1.4,1,0][4,20,2,2,2.4,1,0][4,20,3,2,3.4,1,0][4,20,4,2,4.4,1,0][4,20,5,2,5.4,1,0][4,20,6,2,6.4,1,0]
[4,20,0,3,0.6,1,0][4,20,1,3,1.6,1,0][4,20,2,3,2.6,1,0][4,20,3,3,3.6,1,0][4,20,4,3,4.6,1,0][4,20,5,3,5.6,1,0][4,20,6,3,6.6,1,0]
[11,30,0,4,0.8,1,0][11,30,1,4,1.8,1,0][11,30,2,4,2.8,1,0][11,30,3,4,3.8,1,0][11,30,4,4,4.8,1,0][11,30,5,4,5.8,1,0][11,30,6,4,6.8,1,0]
;
tile=Enemy Wave!
start=5,-4
speed=10
distance=1.1
time=1
type=1
safe=[0,-3.6]
bonus=1,1,1,2,3,4,5,6,7
#Wave 11
[3,13,0,0,0.0,1,0][3,13,1,0,1.0,1,0][3,13,2,0,2.0,1,0][3,13,3,0,3.0,1,0][3,13,4,0,4.0,1,0][3,13,5,0,5.0,1,0][3,13,6,0,6.0,1,0]
[5,30,0,1,0.2,1,0][4,20,1,1,1.2,1,0][5,30,2,1,2.2,1,0][4,20,3,1,3.2,1,0][5,30,4,1,4.2,1,0][4,20,5,1,5.2,1,0][5,30,6,1,6.2,1,0]
[4,20,0,2,0.4,1,0][5,30,1,2,1.4,1,0][4,20,2,2,2.4,1,0][5,30,3,2,3.4,1,0][4,20,4,2,4.4,1,0][5,30,5,2,5.4,1,0][4,20,6,2,6.4,1,0]
[5,30,0,3,0.6,1,0][4,20,1,3,1.6,1,0][5,30,2,3,2.6,1,0][4,20,3,3,3.6,1,0][5,30,4,3,4.6,1,0][4,20,5,3,5.6,1,0][5,30,6,3,6.6,1,0]
[11,35,0,4,0.8,1,0][11,35,1,4,1.8,1,0][11,35,2,4,2.8,1,0][11,35,3,4,3.8,1,0][11,35,4,4,4.8,1,0][11,35,5,4,5.8,1,0][11,35,6,4,6.8,1,0]
;
tile=Enemy Wave!
start=5,-4
speed=10
distance=1.1
time=1
type=1
safe=[0,-3.6]
bonus=1,1,1,2,3,4,5,6,7
path=star2
#Wave 12
[3,13,0,0,0.0,1,0][3,13,1,0,1.0,1,0][3,13,2,0,2.0,1,0][3,13,3,0,3.0,1,0][3,13,4,0,0.6,1,0][3,13,5,0,1.6,1,0][3,13,6,0,2.6,1,0]
[5,60,0,1,0.2,1,0][5,60,1,1,1.2,1,0][5,60,2,1,2.2,1,0][5,60,3,1,3.2,1,0][5,60,4,1,0.8,1,0][5,60,5,1,1.8,1,0][5,60,6,1,2.8,1,0]
[5,60,0,2,0.4,1,0][5,60,1,2,1.4,1,0][5,60,2,2,2.4,1,0][5,60,3,2,0.0,1,0][5,60,4,2,1.0,1,0][5,60,5,2,2.0,1,0][5,60,6,2,3.0,1,0]
[5,60,0,3,0.6,1,0][5,60,1,3,1.6,1,0][5,60,2,3,2.6,1,0][5,60,3,3,0.2,1,0][5,60,4,3,1.2,1,0][5,60,5,3,2.2,1,0][5,60,6,3,3.2,1,0]
[5,60,0,4,0.8,1,0][5,60,1,4,1.8,1,0][5,60,2,4,2.8,1,0][5,60,3,4,0.4,1,0][5,60,4,4,1.4,1,0][5,60,5,4,2.4,1,0][5,60,6,4,3.4,1,0]
;
tile=Enemy Wave!
start=5,-4
speed=10
distance=1.1
time=1
type=1
safe=[0,-3.6]
bonus=1,1,1,2,3,4,5,6,7
path=path7,path8
loop=true
#Wave 13
[3,13,0,0,0.0,1,0][3,13,1,0,1.0,1,0][3,13,2,0,2.0,1,0][3,13,3,0,3.0,1,0][3,13,4,0,0.6,1,1][3,13,5,0,1.6,1,1][3,13,6,0,2.6,1,1]
[5,60,0,1,0.2,1,0][5,60,1,1,1.2,1,0][5,60,2,1,2.2,1,0][5,60,3,1,3.2,1,0][5,60,4,1,0.8,1,1][5,60,5,1,1.8,1,1][5,60,6,1,2.8,1,1]
[5,60,0,2,0.4,1,0][5,60,1,2,1.4,1,0][5,60,2,2,2.4,1,0][5,60,3,2,0.0,1,1][5,60,4,2,1.0,1,1][5,60,5,2,2.0,1,1][5,60,6,2,3.0,1,1]
[5,60,0,3,0.6,1,0][5,60,1,3,1.6,1,0][5,60,2,3,2.6,1,0][5,60,3,3,0.2,1,1][5,60,4,3,1.2,1,1][5,60,5,3,2.2,1,1][5,60,6,3,3.2,1,1]
[5,60,0,4,0.8,1,0][5,60,1,4,1.8,1,0][5,60,2,4,2.8,1,0][5,60,3,4,0.4,1,1][5,60,4,4,1.4,1,1][5,60,5,4,2.4,1,1][5,60,6,4,3.4,1,1]
;
tile=Enemy Wave!
start=5,-4
speed=10
distance=1.1
time=1
type=1
safe=[0,-3.6]
bonus=1,2,1,2,3,4,5,6,7
path=path3
loop=true
#Wave 14
[3,13,0,0,0.0,1,0][3,13,1,0,1.0,1,0][3,13,2,0,2.0,1,0][3,13,3,0,3.0,1,0][3,13,4,0,0.6,1,1][3,13,5,0,1.6,1,1][3,13,6,0,2.6,1,1]
[8,40,0,1,0.2,1,0][5,60,1,1,1.2,1,0][8,40,2,1,2.2,1,0][5,60,3,1,3.2,1,0][8,40,4,1,0.8,1,1][5,60,5,1,1.8,1,1][8,40,6,1,2.8,1,1]
[5,60,0,2,0.4,1,0][8,40,1,2,1.4,1,0][5,60,2,2,2.4,1,0][8,40,3,2,0.0,1,1][5,60,4,2,1.0,1,1][8,40,5,2,2.0,1,1][5,60,6,2,3.0,1,1]
[8,40,0,3,0.6,1,0][5,60,1,3,1.6,1,0][8,40,2,3,2.6,1,0][5,60,3,3,0.2,1,1][8,40,4,3,1.2,1,1][5,60,5,3,2.2,1,1][8,40,6,3,3.2,1,1]
[5,60,0,4,0.8,1,0][5,60,1,4,1.8,1,0][5,60,2,4,2.8,1,0][5,60,3,4,0.4,1,1][5,60,4,4,1.4,1,1][5,60,5,4,2.4,1,1][5,60,6,4,3.4,1,1]
;
tile=Iron Enemy!
start=5,1

time=1
speed=7
type=1
attack=true
#Wave 15
#0*0123456*
#1*0123456*
#2*0123456*
#3*0123456*
[12,80,3,0,1,1,1]
[12,80,1,1,1,1,1][12,80,5,1,1,1,0]
[12,80,3,2,1,1,1]
[12,80,1,3,1,1,1][12,80,5,3,1,1,0]
[12,80,3,4,1,1,1]
;
tile=Iron Enemy!
start=5,1

time=1
speed=7
type=1
attack=true
#Wave 16
#0*0123456*
#1*0123456*
#2*0123456*
#3*0123456*
[12,80,3,0,1,1,1]
[14,90,1,1,1,1,1][14,90,5,1,1,1,0]
[12,80,3,2,1,1,1]
[14,90,1,3,1,1,1][14,90,5,3,1,1,0]
[12,80,3,4,1,1,1]
;
tile=Iron Enemy!
start=5,1

time=1
speed=7
type=1
attack=true
#Wave 17
#0*0123456*
#1*0123456*
#2*0123456*
#3*0123456*
[14,100,3,0,1,1,1]
[14,100,1,1,1,1,1][14,100,5,1,1,1,0]
[14,100,3,2,1,1,1]
[14,100,1,3,1,1,1][14,100,5,3,1,1,0]
[14,100,3,4,1,1,1]
;
tile=Iron Enemy!
start=5,1

time=1
speed=7
type=1
attack=true
#Wave 18
#0*0123456*
#1*0123456*
#2*0123456*
#3*0123456*
[14,100,3,0,1,1,1]
[14,100,1,1,1,1,1][14,100,5,1,1,1,0]
[14,100,3,2,1,1,1]
[14,100,1,3,1,1,1][14,100,5,3,1,1,0]
[14,100,3,4,1,1,1]
;

