tile=Enemy Run!
start=5,1
time=1
type=1
speed=4
distance=1
bonus=1,1,2,3
#Wave 1
# Sap xep theo cot
#*4010104*
#*1142411*
#*1011101*
#*3333333*
#*0110110*
[2,8,0,0,0,1,0][1,7,1,0,0,1,0][2,8,2,0,0,1,0][1,7,3,0,0,1,0][2,8,4,0,0,1,0][1,7,5,0,0,1,0][2,8,6,0,0,1,0]
[2,8,0,1,0,1,1][1,7,1,1,0,1,1][2,8,2,1,0,1,1][1,7,3,1,0,1,1][2,8,4,1,0,1,1][1,7,5,1,0,1,1][2,8,6,1,0,1,1]
[2,8,0,2,2,1,0][1,7,1,2,2,1,0][2,8,2,2,2,1,0][1,7,3,2,2,1,0][2,8,4,2,2,1,0][1,7,5,2,2,1,0][2,8,6,2,2,1,0]
[2,8,0,3,2,1,1][1,7,1,3,2,1,1][2,8,2,3,2,1,1][1,7,3,3,2,1,1][2,8,4,3,2,1,1][1,7,5,3,2,1,1][2,8,6,3,2,1,1]
[11,20,0,4,1,1,0][11,20,1,4,1,1,0][11,20,2,4,1,1,0][11,20,3,4,1,1,0][11,20,4,4,0,1,0][11,20,5,4,0,1,0][11,20,6,4,0,1,0]
;
tile=Enemy Run!
start=5,1
time=1
type=1
speed=4
distance=1.1
bonus=1,1,2,3
#Wave 2
# Sap xep theo cot
#*4010104*
#*1142411*
#*1011101*
#*3333333*
#*0110110*
[3,12,0,0,0,1,0][1,15,1,0,0,1,0][3,12,2,0,0,1,0][1,15,3,0,0,1,0][3,12,4,0,0,1,0][1,15,5,0,0,1,0][3,12,6,0,0,1,0]
[3,12,0,1,0,1,1][3,12,2,1,0,1,1][3,12,4,1,0,1,1][3,12,6,1,0,1,1]
[3,12,0,2,2,1,0][16,15,1,2,2,1,0][5,22,2,2,2,1,0][16,15,3,2,2,1,0][3,12,4,2,2,1,0][16,15,5,2,2,1,0][3,12,6,2,2,1,0]
[11,20,0,3,2,1,1][11,20,2,3,2,1,1][11,20,4,3,2,1,1][11,20,6,3,2,1,1]
[11,20,0,4,1,1,0][11,20,1,4,1,1,0]11,20,2,4,1,1,0][11,20,3,4,1,1,0][11,20,4,4,0,1,0][11,20,5,4,0,1,0][11,20,6,4,0,1,0]
;
tile=Enemy Run!
start=5,1
time=1
type=1
speed=4
distance=1
bonus=0,1,1,2,3,4,5,6,7
#Wave 3
# Sap xep theo cot
#*4010104*
#*1142411*
#*1011101*
#*3333333*
#*0110110*
[0,10,0,0,0,1,0][0,10,1,0,0,1,0][0,10,2,0,0,1,0][0,10,3,0,0,1,0][0,10,4,0,0,1,0][0,10,5,0,0,1,0][0,10,6,0,0,1,0]
[0,10,0,1,0,1,1][0,10,1,1,0,1,1][0,10,2,1,0,1,1][0,10,3,1,0,1,1][0,10,4,1,0,1,1][0,10,5,1,0,1,1][0,10,6,1,0,1,1]
[0,10,0,2,2,1,0][0,10,1,2,2,1,0][0,10,2,2,2,1,0][0,10,3,2,2,1,0][0,10,4,2,2,1,0][0,10,5,2,2,1,0][0,10,6,2,2,1,0]
[0,10,0,3,2,1,1][0,10,1,3,2,1,1][0,10,2,3,2,1,1][0,10,3,3,2,1,1][0,10,4,3,2,1,1][0,10,5,3,2,1,1][0,10,6,3,2,1,1]
[11,23,0,4,1,1,0][11,23,1,4,1,1,0][11,23,2,4,1,1,0][11,23,3,4,1,1,0][11,23,4,4,0,1,0][11,23,5,4,0,1,0][11,23,6,4,0,1,0]
;
tile=Enemy Wave!
start=5,-4
speed=10
distance=1.1
time=1
type=1
safe=[0,-3.6]
bonus=0,1,1,2
path=path13
#Wave 4
[3,23,0,0,0.0,1,0][3,23,1,0,1.0,1,0][3,23,2,0,2.0,1,0][3,23,3,0,3.0,1,0][3,23,4,0,4.0,1,0][3,23,5,0,5.0,1,0][3,23,6,0,6.0,1,0]
[5,25,0,1,0.2,1,0][5,25,1,1,1.2,1,0][5,25,2,1,2.2,1,0][5,25,3,1,3.2,1,0][5,25,4,1,4.2,1,0][5,25,5,1,5.2,1,0][5,25,6,1,6.2,1,0]
[5,25,0,2,0.4,1,0][5,25,1,2,1.4,1,0][5,25,2,2,2.4,1,0][5,25,3,2,3.4,1,0][5,25,4,2,4.4,1,0][5,25,5,2,5.4,1,0][5,25,6,2,6.4,1,0]
[5,25,0,3,0.6,1,0][5,25,1,3,1.6,1,0][5,25,2,3,2.6,1,0][5,25,3,3,3.6,1,0][5,25,4,3,4.6,1,0][5,25,5,3,5.6,1,0][5,25,6,3,6.6,1,0]
[5,25,0,4,0.8,1,0][5,25,1,4,1.8,1,0][5,25,2,4,2.8,1,0][5,25,3,4,3.8,1,0][5,25,4,4,4.8,1,0][5,25,5,4,5.8,1,0][5,25,6,4,6.8,1,0]
;
tile=Enemy Wave!
start=5,-4
speed=10
distance=1.1
time=1
type=1
safe=[0,-3.6]
bonus=1,1,1,2,3,4,5,6,7
path=acher2,archer
#Wave 5
[3,23,0,0,0.0,1,0][3,23,1,0,1.0,1,0][3,23,2,0,2.0,1,0][3,23,3,0,3.0,1,0][3,23,4,0,4.0,1,0][3,23,5,0,5.0,1,0][3,23,6,0,6.0,1,0]
[5,25,0,1,0.2,1,0][5,25,1,1,1.2,1,0][5,25,2,1,2.2,1,0][5,25,3,1,3.2,1,0][5,25,4,1,4.2,1,0][5,25,5,1,5.2,1,0][5,25,6,1,6.2,1,0]
[5,25,0,2,0.4,1,0][5,25,1,2,1.4,1,0][5,25,2,2,2.4,1,0][5,25,3,2,3.4,1,0][5,25,4,2,4.4,1,0][5,25,5,2,5.4,1,0][5,25,6,2,6.4,1,0]
[5,25,0,3,0.6,1,0][5,25,1,3,1.6,1,0][5,25,2,3,2.6,1,0][5,25,3,3,3.6,1,0][5,25,4,3,4.6,1,0][5,25,5,3,5.6,1,0][5,25,6,3,6.6,1,0]
[5,25,0,4,0.8,1,0][5,25,1,4,1.8,1,0][5,25,2,4,2.8,1,0][5,25,3,4,3.8,1,0][5,25,4,4,4.8,1,0][5,25,5,4,5.8,1,0][5,25,6,4,6.8,1,0]
;
tile=Enemy Wave!
start=5,-4
speed=10
distance=1.1
time=1
type=1
safe=[0,-3.6]
bonus=1,1,1,2,3,4,5,6,7
path=vcut1,vcut2
#Wave 6
[3,23,0,0,0.0,1,0][3,23,1,0,1.0,1,0][3,23,2,0,2.0,1,0][3,23,3,0,3.0,1,0][3,23,4,0,4.0,1,0][3,23,5,0,5.0,1,0][3,23,6,0,6.0,1,0]
[5,25,0,1,0.2,1,0][5,25,1,1,1.2,1,0][5,25,2,1,2.2,1,0][5,25,3,1,3.2,1,0][5,25,4,1,4.2,1,0][5,25,5,1,5.2,1,0][5,25,6,1,6.2,1,0]
[5,25,0,2,0.4,1,0][5,25,1,2,1.4,1,0][5,25,2,2,2.4,1,0][5,25,3,2,3.4,1,0][5,25,4,2,4.4,1,0][5,25,5,2,5.4,1,0][5,25,6,2,6.4,1,0]
[5,25,0,3,0.6,1,0][5,25,1,3,1.6,1,0][5,25,2,3,2.6,1,0][5,25,3,3,3.6,1,0][5,25,4,3,4.6,1,0][5,25,5,3,5.6,1,0][5,25,6,3,6.6,1,0]
[5,25,0,4,0.8,1,0][5,25,1,4,1.8,1,0][5,25,2,4,2.8,1,0][5,25,3,4,3.8,1,0][5,25,4,4,4.8,1,0][5,25,5,4,5.8,1,0][5,25,6,4,6.8,1,0]
;
tile=Wave9
start=5,1
time=2
type=1
speed=8
distance=1
save=[0,-3.6]
path=straight,straight1
bonus=1,1,1,2,3,4,5,6,7
#Wave 7
# Sap xep theo cot
#*0000000*
#*1111111*
#*0000000*
#*1111111*
#*0110110*
[4,30,0,0,0.0,1,1][5,35,1,0,1.0,1,1][4,30,2,0,2.0,1,1][5,35,3,0,3.0,1,1][4,30,4,0,4.0,1,0][5,35,5,0,5.0,1,0][4,30,6,0,6.0,1,0]
[5,35,0,1,0.2,1,1][4,30,1,1,1.2,1,1][5,35,2,1,2.2,1,1][4,30,3,1,3.2,1,1][5,35,4,1,4.2,1,0][4,30,5,1,5.2,1,0][5,35,6,1,6.2,1,0]
[4,30,0,2,0.4,1,1][5,35,1,2,1.4,1,1][4,30,2,2,2.4,1,1][5,35,3,2,3.4,1,0][4,30,4,2,4.4,1,0][5,35,5,2,5.4,1,0][4,30,6,2,6.4,1,0]
[5,35,0,3,0.6,1,1][4,30,1,3,1.6,1,1][5,35,2,3,2.6,1,1][4,30,3,3,3.6,1,0][5,35,4,3,4.6,1,0][4,30,5,3,5.6,1,0][5,35,6,3,6.6,1,0]
[4,30,0,4,0.8,1,1][5,35,1,4,1.8,1,1][4,30,2,4,2.8,1,1][5,35,3,4,3.8,1,0][4,30,4,4,4.8,1,0][5,35,5,4,5.8,1,0][4,30,6,4,6.8,1,0]
;
tile=Iron Enemy!
start=5,1

time=1
speed=7
type=1
attack=true
#Wave 8
#0*0123456*
#1*0123456*
#2*0123456*
#3*0123456*
[7,40,3,0,1,1,1]
[7,40,1,1,1,1,1][7,40,5,1,1,1,0]
[7,40,3,2,1,1,1]
[7,40,1,3,1,1,1][7,40,5,3,1,1,0]
[7,40,3,4,1,1,1]
[11,40,0,4,1,1,0][11,40,1,4,1,1,0][11,40,2,4,1,1,0][11,40,3,4,1,1,0][11,40,4,4,0,1,0][11,40,5,4,0,1,0][11,40,6,4,0,1,0]
;
tile=Iron Enemy!
start=5,1

time=1
speed=7
type=1
attack=true
#Wave 9
#0*0123456*
#1*0123456*
#2*0123456*
#3*0123456*
[8,50,3,0,1,1,1]
[8,50,1,1,1,1,1][8,50,5,1,1,1,0]
[8,50,3,2,1,1,1]
[8,50,1,3,1,1,1][8,50,5,3,1,1,0]
[8,50,3,4,1,1,1]
[11,40,0,4,1,1,0][11,40,1,4,1,1,0][11,40,2,4,1,1,0][11,40,3,4,1,1,0][11,40,4,4,0,1,0][11,40,5,4,0,1,0][11,40,6,4,0,1,0]
;
tile=Iron Enemy!
start=5,1

time=1
speed=7
type=1
attack=true
#Wave 10
#0*0123456*
#1*0123456*
#2*0123456*
#3*0123456*
[9,70,3,0,1,1,1]
[9,70,1,1,1,1,1][9,70,5,1,1,1,0]
[9,70,3,2,1,1,1]
[9,70,1,3,1,1,1][9,70,5,3,1,1,0]
[9,70,3,4,1,1,1]
[11,40,0,4,1,1,0][11,40,1,4,1,1,0][11,40,2,4,1,1,0][11,40,3,4,1,1,0][11,40,4,4,0,1,0][11,40,5,4,0,1,0][11,40,6,4,0,1,0]
;
tile=Iron Enemy!
start=5,1

time=1
speed=7
type=1
attack=true
#Wave 11
#0*0123456*
#1*0123456*
#2*0123456*
#3*0123456*
[10,90,3,0,1,1,1]
[10,90,1,1,1,1,1][10,90,5,1,1,1,0]
[10,90,3,2,1,1,1]
[10,90,1,3,1,1,1][10,90,5,3,1,1,0]
[10,90,3,4,1,1,1]
[11,40,0,4,1,1,0][11,40,1,4,1,1,0][11,40,2,4,1,1,0][11,40,3,4,1,1,0][11,40,4,4,0,1,0][11,40,5,4,0,1,0][11,40,6,4,0,1,0]
;
tile=Meteorite!
distance=1
start=0,-1
time=1
type=2
thienthach=1
speed=1
bonus=1,1,1,2,3,4,5,6,7
#Wave 12
# 2 khong sap xep theo hang cot
#*1*3*4*5*
#**2*4*6**
#*1011101*
#*3333333*
#*0110110*
[3,2,0,0,1.0,1,0][0,1,1,0,1.0,1,0][2,2,2,0,2.0,1,0][2,6,3,0,4.0,1,0][0,6,3,0,3.3,1,1][0,2,5,0,1.6,1,1][3,4,6,0,2.6,1,1]
[0,1,0,1,1.2,1,0][2,25,1,1,2.2,1,0][1,20,2,1,2.2,1,0][2,5,3,1,4.2,1,0][3,15,2,1,1.4,1,1][1,1,5,1,1.8,1,1][1,5,6,1,2.8,1,1]
[2,20,0,2,1.4,1,0][1,3,2,2,3.0,1,0][2,3,2,2,2.4,1,0][0,5,1,2,1.9,1,1][1,5,4,2,1.0,1,1][3,1,5,2,2.0,1,1][1,2,6,2,3.0,1,1]
[0,1,0,3,1.6,1,0][3,3,1,3,2.6,1,0][3,1,2,3,2.6,1,0][3,50,1,3,5.2,1,1][0,2,4,3,1.2,1,1][1,2,5,3,2.2,1,1][1,1,6,3,3.3,1,1]
[3,1,0,4,2.2,1,0][2,1,2,4,2.8,1,0][1,3,2,4,1.2,1,0][0,2,3,4,5.4,1,1][1,5,4,4,0.2,1,1][3,15,5,4,2.4,1,1][3,1,6,4,3.4,1,1]
[3,3,0,5,2.3,1,0][2,50,2,5,2.8,1,0][1,3,2,5,1.2,1,0][0,1,1,3,5.4,1,1][1,5,4,5,0.2,1,1][3,12,5,5,2.4,1,1][3,2,6,5,3.4,1,1]
[2,3,0,6,1.4,1,0][1,3,1,6,3.0,1,0][2,1,2,6,2.4,1,0][0,2,3,6,1.9,1,1][1,5,4,6,1.0,1,1][3,1,5,6,2.0,1,1][1,2,6,6,3.0,1,1]
[1,3,0,7,1.4,1,0][3,3,1,7,3.0,1,0][1,1,2,7,2.4,1,0][0,1,3,12,1.9,1,1][1,5,4,7,1.0,1,1][2,1,5,7,2.0,1,1][3,1,6,7,3.0,1,1]
[3,3,0,7,1.4,1,0][2,30,2,7,2.4,1,0][0,2,3,12,1.9,1,1][2,1,5,7,4.0,1,1][0,1,6,7,3.0,1,1]
;
tile=Meteorite!
distance=1
start=0,-1
time=1
type=2
thienthach=1
speed=1
#Wave 13
# 2 khong sap xep theo hang cot
#*1*3*4*5*
#**2*4*6**
#*1011101*
#*3333333*
#*0110110*
[3,2,0,0,1.0,1,0][0,1,1,0,1.0,1,0][2,2,2,0,2.0,1,0][2,6,3,0,4.0,1,0][0,6,3,0,3.3,1,1][0,2,5,0,1.6,1,1][3,4,6,0,2.6,1,1]
[0,1,0,1,1.2,1,0][2,25,1,1,2.2,1,0][1,20,2,1,2.2,1,0][2,5,3,1,4.2,1,0][3,1,2,1,1.4,1,1][1,1,5,1,1.8,1,1][1,5,6,1,2.8,1,1]
[2,3,0,2,1.4,1,0][1,3,2,2,3.0,1,0][2,3,2,2,2.4,1,0][0,5,1,2,1.9,1,1][1,5,4,2,1.0,1,1][3,1,5,2,2.0,1,1][1,2,6,2,3.0,1,1]
[0,1,0,3,1.6,1,0][3,3,1,3,2.6,1,0][3,1,2,3,2.6,1,0][3,40,1,3,5.2,1,1][0,2,4,3,1.2,1,1][1,2,5,3,2.2,1,1][1,1,6,3,3.3,1,1]
[3,1,0,4,2.2,1,0][2,1,2,4,2.8,1,0][1,3,2,4,1.2,1,0][0,2,3,4,5.4,1,1][1,5,4,4,0.2,1,1][3,1,5,4,2.4,1,1][3,40,6,4,3.4,1,1]
[3,3,0,5,2.3,1,0][2,2,2,5,2.8,1,0][1,3,2,5,1.2,1,0][0,1,1,3,5.4,1,1][1,5,4,5,0.2,1,1][3,12,5,5,2.4,1,1][3,2,6,5,3.4,1,1]
[2,3,0,6,1.4,1,0][1,3,1,6,3.0,1,0][2,1,2,6,2.4,1,0][0,2,3,6,1.9,1,1][1,5,4,6,1.0,1,1][3,1,5,6,2.0,1,1][1,2,6,6,3.0,1,1]
[1,3,0,7,1.4,1,0][3,3,1,7,3.0,1,0][1,1,2,7,2.4,1,0][0,1,3,12,1.9,1,1][1,5,4,7,1.0,1,1][2,1,5,7,2.0,1,1][3,1,6,7,3.0,1,1]
[3,40,0,7,1.4,1,0][2,30,2,7,2.4,1,0][0,2,3,12,1.9,1,1][2,1,5,7,4.0,1,1][0,1,6,7,3.0,1,1]
;
tile=Meteorite!
distance=1
start=0,-1
time=1
type=2
thienthach=1
speed=1
#Wave 14
# 2 khong sap xep theo hang cot
#*1*3*4*5*
#**2*4*6**
#*1011101*
#*3333333*
#*0110110*
[3,2,0,0,1.0,1,0][0,1,1,0,1.0,1,0][2,1,2,0,2.0,1,0][2,6,3,0,4.0,1,0][0,6,3,0,3.3,1,1][0,2,5,0,1.6,1,1][3,6,6,0,2.6,1,1]
[0,1,0,1,1.2,1,0][2,25,1,1,2.2,1,0][1,2,2,1,2.2,1,0][2,5,3,1,4.2,1,0][3,3,2,1,1.4,1,1][1,1,5,1,1.8,1,1][1,5,6,1,2.8,1,1]
[2,3,0,2,1.4,1,0][1,3,2,2,3.3,1,0][2,3,2,2,2.4,1,0][0,5,1,2,1.9,1,1][1,5,4,2,1.0,1,1][3,1,5,2,2.0,1,1][1,5,6,2,3.0,1,1]
[0,1,0,3,1.7,1,0][3,3,1,3,2.6,1,0][3,1,2,3,2.6,1,0][3,5,1,3,5.2,1,1][0,1,4,3,1.2,1,1][1,2,5,3,2.2,1,1][1,5,6,3,3.3,1,1]
[3,4,0,4,2.2,1,0][2,2,2,4,2.8,1,0][1,1,2,4,1.2,1,0][0,1,3,4,5.4,1,1][1,5,4,4,0.2,1,1][3,1,5,4,2.4,1,1][3,2,6,4,3.4,1,1]
[3,3,0,5,2.3,1,0][2,15,2,5,2.8,1,0][1,1,2,5,1.2,1,0][0,1,1,3,5.4,1,1][1,5,4,5,0.2,1,1][3,1,5,5,2.4,1,1][3,6,6,5,3.4,1,1]
[2,3,0,6,1.9,1,0][1,1,1,6,3.1,1,0][2,2,2,6,2.9,1,0][0,2,3,6,1.9,1,1][1,5,4,6,1.0,1,1][3,1,5,6,2.3,1,1][1,2,6,6,3.5,1,1]
[1,1,0,7,1.5,1,0][3,3,1,7,3.0,1,0][1,2,2,7,2.5,1,0][0,2,3,12,1.9,1,1][1,5,4,7,1.0,1,1][2,1,5,7,2.0,1,1][3,2,6,7,3.0,1,1]
[3,1,0,7,1.3,1,0][2,3,2,7,2.4,1,0][0,2,3,12,1.9,1,1][2,1,5,7,4.0,1,1][0,3,6,7,3.0,1,1]
;
tile=Iron Enemy!
start=5,1

time=1
speed=7
type=1
attack=true
#Wave 15
#0*0123456*
#1*0123456*
#2*0123456*
#3*0123456*
[13,60,3,0,1,1,1]
[14,70,1,1,1,1,1][14,70,5,1,1,1,0]
[13,60,3,2,1,1,1]
[15,80,1,3,1,1,1][15,80,5,3,1,1,0]
[13,60,3,4,1,1,1]
;
tile=Iron Enemy!
start=5,1

time=1
speed=7
type=1
attack=true
#Wave 16
#0*0123456*
#1*0123456*
#2*0123456*
#3*0123456*
[13,60,3,0,1,1,1]
[14,70,1,1,1,1,1][14,70,5,1,1,1,0]
[13,60,3,2,1,1,1]
[15,80,1,3,1,1,1][15,80,5,3,1,1,0]
[13,60,3,4,1,1,1]
;
