tile=Meteorite!
distance=1
start=0,-1
time=1
type=2
thienthach=3
speed=1
bonus=1,1,1,2,3,4,5,6,7
#Wave 1
# 2 khong sap xep theo hang cot
#*1*3*4*5*
#**2*4*6**
#*1011101*
#*3333333*
#*0110110*
[3,2,0,0,1.0,1,0] [0,1,1,0,1.0,1,0] [2,20,2,0,2.0,1,0][2,35,3,0,4.0,1,0][0,6,3,0,3.3,1,1] [0,2,5,0,1.6,1,1][3,4,6,0,2.6,1,1]
[0,1,0,1,1.2,1,0] [2,25,1,1,2.2,1,0][1,20,2,1,2.2,1,0][2,5,3,1,4.2,1,0] [3,1,2,1,1.4,1,1] [1,1,5,1,1.8,1,1][1,5,6,1,2.8,1,1]
[2,3,0,2,1.4,1,0] [1,3,2,2,3.0,1,0] [2,3,2,2,2.4,1,0] [0,5,1,2,1.9,1,1] [1,5,4,2,1.0,1,1] [3,1,5,2,2.0,1,1][1,2,6,2,3.0,1,1]
[0,1,0,3,1.6,1,0] [3,3,1,3,2.6,1,0] [3,1,2,3,2.6,1,0] [3,1,1,3,5.2,1,1] [0,2,4,3,1.2,1,1] [1,2,5,3,2.2,1,1][1,10,6,3,3.3,1,1]
[3,1,0,4,2.2,1,0] [2,1,2,4,2.8,1,0] [1,3,2,4,1.2,1,0] [0,50,3,4,5.4,1,1][1,5,4,4,0.2,1,1] [3,1,5,4,2.4,1,1][3,30,6,4,3.4,1,1]
[3,30,0,5,2.3,1,0][2,20,2,5,2.8,1,0][1,20,2,5,1.2,1,0][0,1,1,3,5.4,1,1] [1,50,4,5,0.2,1,1][3,7,5,5,2.4,1,1][3,2,6,5,3.4,1,1]
[2,3,0,6,1.4,1,0] [1,3,1,6,3.0,1,0] [2,1,2,6,2.4,1,0] [0,2,3,6,1.9,1,1] [1,5,4,6,1.0,1,1] [3,1,5,6,2.0,1,1][1,2,6,6,3.0,1,1]
[1,3,0,7,1.4,1,0] [3,3,1,7,3.0,1,0] [1,1,2,7,2.4,1,0] [0,1,3,7,1.9,1,1] [1,5,4,7,1.0,1,1] [2,1,5,7,2.0,1,1][3,1,6,7,3.0,1,1]
[3,3,0,7,1.4,1,0] [2,30,2,7,2.4,1,0][0,2,3,7,1.9,1,1] [2,1,5,7,4.0,1,1] [0,1,6,7,3.0,1,1]
;
tile=Meteorite!
distance=1
start=0,-1
time=1
type=2
thienthach=1
speed=1
bonus=1,1,1,2,3,4,5,6,7
#Wave 2
# 2 khong sap xep theo hang cot
#*1*3*4*5*
#**2*4*6**
#*1011101*
#*3333333*
#*0110110*
[3,2,0,0,1.0,1,0] [0,1,1,0,1.0,1,0] [2,20,2,0,2.0,1,0][2,35,3,0,4.0,1,0][0,6,3,0,3.3,1,1] [0,2,5,0,1.6,1,1][3,4,6,0,2.6,1,1]
[0,1,0,1,1.2,1,0] [2,25,1,1,2.2,1,0][1,20,2,1,2.2,1,0][2,5,3,1,4.2,1,0] [3,1,2,1,1.4,1,1] [1,1,5,1,1.8,1,1][1,5,6,1,2.8,1,1]
[2,3,0,2,1.4,1,0] [1,3,2,2,3.0,1,0] [2,3,2,2,2.4,1,0] [0,5,1,2,1.9,1,1] [1,5,4,2,1.0,1,1] [3,1,5,2,2.0,1,1][1,2,6,2,3.0,1,1]
[0,1,0,3,1.6,1,0] [3,3,1,3,2.6,1,0] [3,1,2,3,2.6,1,0] [3,1,1,3,5.2,1,1] [0,2,4,3,1.2,1,1] [1,2,5,3,2.2,1,1][1,10,6,3,3.3,1,1]
[3,1,0,4,2.2,1,0] [2,1,2,4,2.8,1,0] [1,3,2,4,1.2,1,0] [0,50,3,4,5.4,1,1][1,5,4,4,0.2,1,1] [3,1,5,4,2.4,1,1][3,30,6,4,3.4,1,1]
[3,30,0,5,2.3,1,0][2,20,2,5,2.8,1,0][1,20,2,5,1.2,1,0][0,1,1,3,5.4,1,1] [1,50,4,5,0.2,1,1][3,7,5,5,2.4,1,1][3,2,6,5,3.4,1,1]
[2,3,0,6,1.4,1,0] [1,3,1,6,3.0,1,0] [2,1,2,6,2.4,1,0] [0,2,3,6,1.9,1,1] [1,5,4,6,1.0,1,1] [3,1,5,6,2.0,1,1][1,2,6,6,3.0,1,1]
[1,3,0,7,1.4,1,0] [3,3,1,7,3.0,1,0] [1,1,2,7,2.4,1,0] [0,1,3,7,1.9,1,1] [1,5,4,7,1.0,1,1] [2,1,5,7,2.0,1,1][3,1,6,7,3.0,1,1]
[3,3,0,7,1.4,1,0] [2,30,2,7,2.4,1,0][0,2,3,7,1.9,1,1] [2,1,5,7,4.0,1,1] [0,1,6,7,3.0,1,1]
;
tile=Meteorite!
distance=1
start=0,-1
time=1
type=2
thienthach=2
speed=1
bonus=1,2,1,2,3,4,5,6,7
#Wave 3
# 2 khong sap xep theo hang cot
#*1*3*4*5*
#**2*4*6**
#*1011101*
#*3333333*
#*0110110*
[3,2,0,0,1.0,1,0] [0,1,1,0,1.0,1,0] [2,20,2,0,2.0,1,0][2,35,3,0,4.0,1,0][0,6,3,0,3.3,1,1] [0,2,5,0,1.6,1,1][3,4,6,0,2.6,1,1]
[0,1,0,1,1.2,1,0] [2,25,1,1,2.2,1,0][1,20,2,1,2.2,1,0][2,5,3,1,4.2,1,0] [3,1,2,1,1.4,1,1] [1,1,5,1,1.8,1,1][1,5,6,1,2.8,1,1]
[2,3,0,2,1.4,1,0] [1,3,2,2,3.0,1,0] [2,3,2,2,2.4,1,0] [0,5,1,2,1.9,1,1] [1,5,4,2,1.0,1,1] [3,1,5,2,2.0,1,1][1,2,6,2,3.0,1,1]
[0,1,0,3,1.6,1,0] [3,3,1,3,2.6,1,0] [3,1,2,3,2.6,1,0] [3,1,1,3,5.2,1,1] [0,2,4,3,1.2,1,1] [1,2,5,3,2.2,1,1][1,10,6,3,3.3,1,1]
[3,1,0,4,2.2,1,0] [2,1,2,4,2.8,1,0] [1,3,2,4,1.2,1,0] [0,50,3,4,5.4,1,1][1,5,4,4,0.2,1,1] [3,1,5,4,2.4,1,1][3,30,6,4,3.4,1,1]
[3,30,0,5,2.3,1,0][2,20,2,5,2.8,1,0][1,20,2,5,1.2,1,0][0,1,1,3,5.4,1,1] [1,50,4,5,0.2,1,1][3,7,5,5,2.4,1,1][3,2,6,5,3.4,1,1]
[2,3,0,6,1.4,1,0] [1,3,1,6,3.0,1,0] [2,1,2,6,2.4,1,0] [0,2,3,6,1.9,1,1] [1,5,4,6,1.0,1,1] [3,1,5,6,2.0,1,1][1,2,6,6,3.0,1,1]
[1,3,0,7,1.4,1,0] [3,3,1,7,3.0,1,0] [1,1,2,7,2.4,1,0] [0,1,3,7,1.9,1,1] [1,5,4,7,1.0,1,1] [2,1,5,7,2.0,1,1][3,1,6,7,3.0,1,1]
[3,3,0,7,1.4,1,0] [2,30,2,7,2.4,1,0][0,2,3,7,1.9,1,1] [2,1,5,7,4.0,1,1] [0,1,6,7,3.0,1,1]
;
tile=Meteorite!
distance=1
start=0,-1
time=1
type=2
thienthach=1
speed=1
bonus=1,1,1,2,3,4,5,6,7
#Wave 4
# 2 khong sap xep theo hang cot
#*1*3*4*5*
#**2*4*6**
#*1011101*
#*3333333*
#*0110110*
[3,2,0,0,1.0,1,0] [0,1,1,0,1.0,1,0] [2,20,2,0,2.0,1,0][2,35,3,0,4.0,1,0][0,6,3,0,3.3,1,1] [0,2,5,0,1.6,1,1][3,4,6,0,2.6,1,1]
[0,1,0,1,1.2,1,0] [2,25,1,1,2.2,1,0][1,20,2,1,2.2,1,0][2,5,3,1,4.2,1,0] [3,1,2,1,1.4,1,1] [1,1,5,1,1.8,1,1][1,5,6,1,2.8,1,1]
[2,3,0,2,1.4,1,0] [1,3,2,2,3.0,1,0] [2,3,2,2,2.4,1,0] [0,5,1,2,1.9,1,1] [1,5,4,2,1.0,1,1] [3,1,5,2,2.0,1,1][1,2,6,2,3.0,1,1]
[0,1,0,3,1.6,1,0] [3,3,1,3,2.6,1,0] [3,1,2,3,2.6,1,0] [3,1,1,3,5.2,1,1] [0,2,4,3,1.2,1,1] [1,2,5,3,2.2,1,1][1,10,6,3,3.3,1,1]
[3,1,0,4,2.2,1,0] [2,1,2,4,2.8,1,0] [1,3,2,4,1.2,1,0] [0,50,3,4,5.4,1,1][1,5,4,4,0.2,1,1] [3,1,5,4,2.4,1,1][3,30,6,4,3.4,1,1]
[3,30,0,5,2.3,1,0][2,20,2,5,2.8,1,0][1,20,2,5,1.2,1,0][0,1,1,3,5.4,1,1] [1,50,4,5,0.2,1,1][3,7,5,5,2.4,1,1][3,2,6,5,3.4,1,1]
[2,3,0,6,1.4,1,0] [1,3,1,6,3.0,1,0] [2,1,2,6,2.4,1,0] [0,2,3,6,1.9,1,1] [1,5,4,6,1.0,1,1] [3,1,5,6,2.0,1,1][1,2,6,6,3.0,1,1]
[1,3,0,7,1.4,1,0] [3,3,1,7,3.0,1,0] [1,1,2,7,2.4,1,0] [0,1,3,7,1.9,1,1] [1,5,4,7,1.0,1,1] [2,1,5,7,2.0,1,1][3,1,6,7,3.0,1,1]
[3,3,0,7,1.4,1,0] [2,30,2,7,2.4,1,0][0,2,3,7,1.9,1,1] [2,1,5,7,4.0,1,1] [0,1,6,7,3.0,1,1]
;
tile=Wave1
start=5,1
time=2
type=1
speed=8
distance=1
path=ribon
save=[0,-3.6]
bonus=1,2,1,2,3,4,5,6,7
#Wave 5
# Sap xep theo cot
#*0000000*
#*1111111*
#*0000000*
#*1111111*
#*0110110*
[0,20,0,0,0.0,1,1][8,25,1,0,1.0,1,1][0,20,2,0,2.0,1,1][8,25,3,0,3.0,1,1][0,20,4,0,4.0,1,1][8,25,5,0,5.0,1,1][0,20,6,0,6.0,1,1]
[8,25,0,1,0.2,1,1][0,20,1,1,1.2,1,1][8,25,2,1,2.2,1,1][0,20,3,1,3.2,1,1][8,25,4,1,4.2,1,1][0,20,5,1,5.2,1,1][8,25,6,1,6.2,1,1]
[0,20,0,2,0.4,1,1][8,25,1,2,1.4,1,1][0,20,2,2,2.4,1,1][8,25,3,2,3.4,1,1][0,20,4,2,4.4,1,1][8,25,5,2,5.4,1,1][0,20,6,2,6.4,1,1]
[8,25,0,3,0.6,1,1][0,20,1,3,1.6,1,1][8,25,2,3,2.6,1,1][0,20,3,3,3.6,1,1][8,25,4,3,4.6,1,1][0,20,5,3,5.6,1,1][8,25,6,3,6.6,1,1]
[0,20,0,4,0.8,1,1][8,25,1,4,1.8,1,1][0,20,2,4,2.8,1,1][8,25,3,4,3.8,1,1][0,20,4,4,4.8,1,1][8,25,5,4,5.8,1,1][0,10,6,4,6.8,1,1]
;
tile=Wave2
start=5,1
time=2
type=1
speed=8
distance=1
path=ribon2
save=[0,-3.6]
bonus=1,1,1,2,3,4,5,6,7
#Wave 6
# Sap xep theo cot
#*0000000*
#*1111111*
#*0000000*
#*1111111*
#*0110110*
[0,20,0,0,0.0,1,1][8,25,1,0,1.0,1,1][0,20,2,0,2.0,1,1][8,25,3,0,3.0,1,1][0,20,4,0,4.0,1,1][8,25,5,0,5.0,1,1][0,20,6,0,6.0,1,1]
[8,25,0,1,0.2,1,1][0,20,1,1,1.2,1,1][8,25,2,1,2.2,1,1][0,20,3,1,3.2,1,1][8,25,4,1,4.2,1,1][0,20,5,1,5.2,1,1][8,25,6,1,6.2,1,1]
[0,20,0,2,0.4,1,1][8,25,1,2,1.4,1,1][0,20,2,2,2.4,1,1][8,25,3,2,3.4,1,1][0,20,4,2,4.4,1,1][8,25,5,2,5.4,1,1][0,20,6,2,6.4,1,1]
[8,25,0,3,0.6,1,1][0,20,1,3,1.6,1,1][8,25,2,3,2.6,1,1][0,20,3,3,3.6,1,1][8,25,4,3,4.6,1,1][0,20,5,3,5.6,1,1][8,25,6,3,6.6,1,1]
[0,20,0,4,0.8,1,1][8,25,1,4,1.8,1,1][0,20,2,4,2.8,1,1][8,25,3,4,3.8,1,1][0,20,4,4,4.8,1,1][8,25,5,4,5.8,1,1][0,10,6,4,6.8,1,1]
;
tile=Wave3
start=5,1
time=2
type=1
speed=8
distance=1
path=turn1,turn2
save=[0,-3.6]
bonus=1,2,1,2,3,4,5,6,7
#Wave 7
# Sap xep theo cot
#*0000000*
#*1111111*
#*0000000*
#*1111111*
#*0110110*
[2,30,0,0,0.0,1,1][3,35,1,0,1.0,1,1][2,30,2,0,2.0,1,1][3,35,3,0,3.0,1,1][2,30,4,0,0.6,1,0][3,35,5,0,1.6,1,0][2,30,6,0,2.6,1,0]
[3,35,0,1,0.2,1,1][2,30,1,1,1.2,1,1][3,35,2,1,2.2,1,1][2,30,3,1,3.2,1,1][3,35,4,1,0.8,1,0][2,30,5,1,1.8,1,0][3,35,6,1,2.8,1,0]
[2,30,0,2,0.4,1,1][3,35,1,2,1.4,1,1][2,30,2,2,2.4,1,1][3,35,3,2,0.0,1,0][2,30,4,2,1.0,1,0][3,35,5,2,2.0,1,0][2,30,6,2,3.0,1,0]
[3,35,0,3,0.6,1,1][2,30,1,3,1.6,1,1][3,35,2,3,2.6,1,1][2,30,3,3,0.2,1,0][3,35,4,3,1.2,1,0][2,30,5,3,2.2,1,0][3,35,6,3,3.2,1,0]
[2,30,0,4,0.8,1,1][3,35,1,4,1.8,1,1][2,30,2,4,2.8,1,1][3,35,3,4,0.4,1,0][2,30,4,4,1.4,1,0][3,35,5,4,2.4,1,0][2,30,6,4,3.4,1,0]
;
tile=Wave4
start=5,1
time=2
type=1
speed=8
distance=1
save=[0,-3.6]
path=storm
bonus=1,2,1,2,3,4,5,6,7
#Wave 8
# Sap xep theo cot
#*0000000*
#*1111111*
#*0000000*
#*1111111*
#*0110110*
[4,40,0,0,0.0,1,1][2,35,1,0,1.0,1,1][4,40,2,0,2.0,1,1][2,35,3,0,3.0,1,1][4,40,4,0,4.0,1,1][2,35,5,0,5.0,1,1][4,40,6,0,6.0,1,1]
[2,35,0,1,0.2,1,1][7,10,1,1,1.2,1,1][2,35,2,1,2.2,1,1][7,10,3,1,3.2,1,1][2,35,4,1,4.2,1,1][7,10,5,1,5.2,1,1][2,35,6,1,6.2,1,1]
[4,40,0,2,0.4,1,1][2,35,1,2,1.4,1,1][4,40,2,2,2.4,1,1][2,35,3,2,3.4,1,1][4,40,4,2,4.4,1,1][2,35,5,2,5.4,1,1][4,40,6,2,6.4,1,1]
[2,35,0,3,0.6,1,1][7,10,1,3,1.6,1,1][2,35,2,3,2.6,1,1][7,10,3,3,3.6,1,1][2,35,4,3,4.6,1,1][7,10,5,3,5.6,1,1][2,35,6,3,6.6,1,1]
[4,40,0,4,0.8,1,1][2,35,1,4,1.8,1,1][4,40,2,4,2.8,1,1][2,35,3,4,3.8,1,1][4,40,4,4,4.8,1,1][2,35,5,4,5.8,1,1][4,40,6,4,6.8,1,1]
;
tile=Wave5
start=5,1
time=2
type=1
speed=8
distance=1
save=[0,-3.6]
path=mzig2
bonus=0,1,1,2,3,4,5,6,7
#Wave 9
# Sap xep theo cot
#*0000000*
#*1111111*
#*0000000*
#*1111111*
#*0110110*
[1,28,0,0,0.0,1,0][4,50,1,0,1.0,1,0][1,28,2,0,2.0,1,0][4,50,3,0,3.0,1,0][1,28,4,0,4.0,1,0][4,50,5,0,5.0,1,0][1,28,6,0,6.0,1,0]
[2,35,0,1,0.2,1,0][3,15,1,1,1.2,1,0][2,35,2,1,2.2,1,0][1,25,3,1,3.2,1,0][2,35,4,1,4.2,1,0][1,25,5,1,5.2,1,0][2,35,6,1,6.2,1,0]
[1,25,0,2,0.4,1,0][2,35,1,2,1.4,1,0][1,25,2,2,2.4,1,0][2,35,3,2,3.4,1,0][1,25,4,2,4.4,1,0][2,35,5,2,5.4,1,0][1,25,6,2,6.4,1,0]
[4,50,0,3,0.6,1,0][1,15,1,3,1.6,1,0][4,50,2,3,2.6,1,0][1,15,3,3,3.6,1,0][4,50,4,3,4.6,1,0][1,15,5,3,5.6,1,0][4,50,6,3,6.6,1,0]
[0,25,0,4,0.8,1,0][0,25,1,4,1.8,1,0][0,25,2,4,2.8,1,0][0,25,3,4,3.8,1,0][0,25,4,4,4.8,1,0][0,25,5,4,5.8,1,0][0,25,6,4,6.8,1,0]
;
tile=Wave6
start=5,1
time=2
type=1
speed=8
distance=1
save=[0,-3.6]
path=roll
bonus=1,1,1,2,3,4,5,6,7
#Wave 10
# Sap xep theo cot
#*0000000*
#*1111111*
#*0000000*
#*1111111*
#*0110110*
[1,28,0,0,0.0,1,1][2,40,1,0,1.0,1,1][1,6,2,0,2.0,1,1] [2,8,3,0,3.0,1,1] [1,6,4,0,4.0,1,1] [2,40,5,0,5.0,1,1][1,28,6,0,6.0,1,1]
[2,40,0,1,0.2,1,1][8,20,1,1,1.2,1,1][2,40,2,1,2.2,1,1][8,20,3,1,3.2,1,1][2,40,4,1,4.2,1,1][8,20,5,1,5.2,1,1][2,40,6,1,6.2,1,1]
[1,28,0,2,0.4,1,1][2,40,1,2,1.4,1,1][1,6,2,2,2.4,1,1] [2,8,3,2,3.4,1,1] [1,6,4,2,4.4,1,1] [2,40,5,2,5.4,1,1][1,28,6,2,6.4,1,1]
[2,40,0,3,0.6,1,1][8,20,1,3,1.6,1,1][2,40,2,3,2.6,1,1][8,20,3,3,3.6,1,1][2,40,4,3,4.6,1,0][8,20,5,3,5.6,1,1][2,40,6,3,6.6,1,1]
[1,28,0,4,0.8,1,1][2,40,1,4,1.8,1,1][1,6,2,4,2.8,1,1] [2,8,3,4,3.8,1,1] [1,6,4,4,4.8,1,1] [2,40,5,4,5.8,1,1][1,28,6,4,6.8,1,1]
;
tile=Wave7
start=5,1
time=2
type=1
speed=8
distance=1
save=[0,-3.6]
path=roll2
bonus=1,1,1,2,3,4,5,6,7
#Wave 11
# Sap xep theo cot
#*0000000*
#*1111111*
#*0000000*
#*1111111*
#*0110110*
[1,28,0,0,0.0,1,1][2,45,1,0,1.0,1,1][1,6,2,0,2.0,1,1] [2,8,3,0,3.0,1,1] [1,6,4,0,4.0,1,1][2,45,5,0,5.0,1,1][1,28,6,0,6.0,1,1]
[2,45,0,1,0.2,1,1][8,20,1,1,1.2,1,1][2,45,2,1,2.2,1,1][8,20,3,1,3.2,1,1][2,8,4,1,4.2,1,1][8,20,5,1,5.2,1,1][2,45,6,1,6.2,1,1]
[1,28,0,2,0.4,1,1][2,45,1,2,1.4,1,1][1,6,2,2,2.4,1,1] [2,8,3,2,3.4,1,1] [1,6,4,2,4.4,1,1][2,45,5,2,5.4,1,1][1,28,6,2,6.4,1,1]
[2,45,0,3,0.6,1,1][8,20,1,3,1.6,1,1][2,45,2,3,2.6,1,1][8,20,3,3,3.6,1,1][2,8,4,3,4.6,1,0][8,20,5,3,5.6,1,1][2,45,6,3,6.6,1,1]
[1,28,0,4,0.8,1,1][2,45,1,4,1.8,1,1][1,6,2,4,2.8,1,1] [2,8,3,4,3.8,1,1] [1,6,4,4,4.8,1,1][2,45,5,4,5.8,1,1][1,28,6,4,6.8,1,1]
;
tile=Wave8
start=5,1
time=2
type=1
speed=8
distance=1
save=[0,-3.6]
path=wdow
bonus=1,1,1,2,3,4,5,6,7
#Wave 12
# Sap xep theo cot
#*0000000*
#*1111111*
#*0000000*
#*1111111*
#*0110110*
[2,45,0,0,0.0,1,1][4,60,1,0,1.0,1,1][2,45,2,0,2.0,1,1][4,60,3,0,3.0,1,1][2,45,4,0,4.0,1,0][4,60,5,0,5.0,1,0][2,45,6,0,6.0,1,0]
[4,60,0,1,0.2,1,1][8,20,1,1,1.2,1,1][4,60,2,1,2.2,1,1][8,20,3,1,3.2,1,1][4,60,4,1,4.2,1,0][8,20,5,1,5.2,1,0][4,60,6,1,6.2,1,0]
[2,45,0,2,0.4,1,1][4,60,1,2,1.4,1,1][2,45,2,2,2.4,1,1][4,60,3,2,3.4,1,0][2,45,4,2,4.4,1,0][4,60,5,2,5.4,1,0][2,45,6,2,6.4,1,0]
[4,60,0,3,0.6,1,1][8,20,1,3,1.6,1,1][4,60,2,3,2.6,1,1][8,20,3,3,3.6,1,0][4,60,4,3,4.6,1,0][8,20,5,3,5.6,1,0][4,60,6,3,6.6,1,0]
[2,45,0,4,0.8,1,1][4,60,1,4,1.8,1,1][2,45,2,4,2.8,1,1][4,60,3,4,3.8,1,0][2,45,4,4,4.8,1,0][4,60,5,4,5.8,1,0][2,45,6,4,6.8,1,0]
;
tile=Wave9
start=5,1
time=2
type=1
speed=8
distance=1
save=[0,-3.6]
path=wdow1
bonus=1,1,1,2,3,4,5,6,7
#Wave 13
# Sap xep theo cot
#*0000000*
#*1111111*
#*0000000*
#*1111111*
#*0110110*
[2,45,0,0,0.0,1,1][4,60,1,0,1.0,1,1][2,45,2,0,2.0,1,1][4,60,3,0,3.0,1,1][2,45,4,0,4.0,1,0][4,60,5,0,5.0,1,0][2,45,6,0,6.0,1,0]
[4,60,0,1,0.2,1,1][8,20,1,1,1.2,1,1][4,60,2,1,2.2,1,1][8,20,3,1,3.2,1,1][4,60,4,1,4.2,1,0][8,20,5,1,5.2,1,0][4,60,6,1,6.2,1,0]
[2,45,0,2,0.4,1,1][4,60,1,2,1.4,1,1][2,45,2,2,2.4,1,1][4,60,3,2,3.4,1,0][2,45,4,2,4.4,1,0][4,60,5,2,5.4,1,0][2,45,6,2,6.4,1,0]
[4,60,0,3,0.6,1,1][8,20,1,3,1.6,1,1][4,60,2,3,2.6,1,1][8,20,3,3,3.6,1,0][4,60,4,3,4.6,1,0][8,20,5,3,5.6,1,0][4,60,6,3,6.6,1,0]
[2,45,0,4,0.8,1,1][4,60,1,4,1.8,1,1][2,45,2,4,2.8,1,1][4,60,3,4,3.8,1,0][2,45,4,4,4.8,1,0][4,60,5,4,5.8,1,0][2,45,6,4,6.8,1,0]
;
tile=Wave10
start=5,1
time=2
type=1
speed=8
distance=1
save=[0,-3.6]
path=vcut1
bonus=1,1,1,2,3,4,5,6,7
#Wave 14
# Sap xep theo cot
#*0000000*
#*1111111*
#*0000000*
#*1111111*
#*0110110*
[2,50,0,0,0.0,1,1][4,70,1,0,1.0,1,1][2,50,2,0,2.0,1,1][4,70,3,0,3.0,1,1][2,50,4,0,4.0,1,1][4,70,5,0,5.0,1,1][2,50,6,0,6.0,1,1]
[4,70,0,1,0.2,1,1][8,20,1,1,1.2,1,1][4,70,2,1,2.2,1,1][8,20,3,1,3.2,1,1][4,70,4,1,4.2,1,1][8,20,5,1,5.2,1,1][4,70,6,1,6.2,1,1]
[2,50,0,2,0.4,1,1][4,70,1,2,1.4,1,1][5,17,2,2,2.4,1,1][4,70,3,2,3.4,1,1][5,17,4,2,4.4,1,1][4,70,5,2,5.4,1,1][2,50,6,2,6.4,1,1]
[4,70,0,3,0.6,1,1][8,20,1,3,1.6,1,1][4,70,2,3,2.6,1,1][8,20,3,3,3.6,1,1][4,60,4,3,4.6,1,1][8,20,5,3,5.6,1,1][4,70,6,3,6.6,1,1]
[2,50,0,4,0.8,1,1][4,70,1,4,1.8,1,1][2,50,2,4,2.8,1,1][4,70,3,4,3.8,1,1][2,20,4,4,4.8,1,1][4,70,5,4,5.8,1,1][2,50,6,4,6.8,1,1]
;
tile=Wave11
start=5,1
time=2
type=1
speed=8
distance=1
save=[0,-3.6]
path=vcut2
bonus=1,1,1,2,3,4,5,6,7
#Wave 15
# Sap xep theo cot
#*0000000*
#*1111111*
#*0000000*
#*1111111*
#*0110110*
[2,50,0,0,0.0,1,1][4,70,1,0,1.0,1,1][2,50,2,0,2.0,1,1][4,70,3,0,3.0,1,1][2,50,4,0,4.0,1,1][4,70,5,0,5.0,1,1][2,50,6,0,6.0,1,1]
[4,70,0,1,0.2,1,1][8,30,1,1,1.2,1,1][4,70,2,1,2.2,1,1][8,30,3,1,3.2,1,1][4,70,4,1,4.2,1,1][8,30,5,1,5.2,1,1][4,70,6,1,6.2,1,1]
[2,50,0,2,0.4,1,1][4,70,1,2,1.4,1,1][5,17,2,2,2.4,1,1][4,70,3,2,3.4,1,1][5,17,4,2,4.4,1,1][4,70,5,2,5.4,1,1][2,50,6,2,6.4,1,1]
[4,70,0,3,0.6,1,1][8,30,1,3,1.6,1,1][4,70,2,3,2.6,1,1][8,30,3,3,3.6,1,1][4,60,4,3,4.6,1,1][8,30,5,3,5.6,1,1][4,70,6,3,6.6,1,1]
[2,50,0,4,0.8,1,1][4,70,1,4,1.8,1,1][2,50,2,4,2.8,1,1][4,70,3,4,3.8,1,1][2,20,4,4,4.8,1,1][4,70,5,4,5.8,1,1][2,50,6,4,6.8,1,1]
;
tile=Meteorite!
distance=1
start=0,-1
time=1
type=2
thienthach=1
speed=1
bonus=2,3,1,2,3,4,5,6,7
#Wave 13
# 2 khong sap xep theo hang cot
#*1*3*4*5*
#**2*4*6**
#*1011101*
#*3333333*
#*0110110*
[3,2,0,0,1.0,1,0] [0,1,1,0,1.0,1,0]  [2,35,3,0,4.0,1,0][0,6,3,0,3.3,1,1][0,2,5,0,1.6,1,1][3,6,6,0,2.6,1,1]
[0,1,0,1,1.2,1,0] [2,25,1,1,2.2,1,0] [1,20,2,1,2.2,1,0][3,50,2,1,1.4,1,1][1,1,5,1,1.8,1,1][1,5,6,1,2.8,1,1]
[2,3,0,2,1.4,1,0] [1,3,2,2,3.0,1,0]  [2,3,2,2,2.4,1,0][0,5,1,2,1.9,1,1][1,5,4,2,1.0,1,1][3,30,5,2,2.0,1,1]
[0,1,0,3,1.6,1,0] [3,3,1,3,2.6,1,0]  [3,1,2,3,2.6,1,0][3,5,1,3,5.2,1,1][0,20,4,3,1.2,1,1][1,15,5,3,2.2,1,1][1,5,6,3,3.3,1,1]
[3,20,0,4,2.2,1,0][2,50,2,4,2.8,1,0] [1,3,2,4,1.2,1,0][0,5,3,4,5.4,1,1][1,5,4,4,0.2,1,1][3,7,5,4,2.4,1,1][3,50,6,4,3.4,1,1]
[3,3,0,5,2.3,1,0] [2,40,2,5,2.8,1,0] [1,3,2,5,1.2,1,0][0,5,1,3,5.4,1,1][1,5,4,5,0.2,1,1][3,7,5,5,2.4,1,1][3,6,6,5,3.4,1,1]
[2,30,0,6,1.4,1,0][2,30,2,35,2.4,1,0][0,30,3,6,1.9,1,1][1,5,4,6,1.0,1,1][3,1,5,6,2.0,1,1][1,30,6,6,3.0,1,1]
[3,3,1,28,3.0,1,0][1,30,2,7,2.4,1,0] [0,30,3,7,1.9,1,1][1,5,4,40,1.0,1,1][2,1,5,7,2.0,1,1][3,30,6,7,3.0,1,1]
[3,3,0,7,1.4,1,0] [2,30,2,7,2.4,1,0][0,30,3,7,1.9,1,1][2,1,5,7,4.0,1,1][0,30,6,7,3.0,1,1]
;
tile=Iron Enemy!
start=5,1

time=1
speed=7
type=1
bonus=1,1,1,2,3,4,5,6,7
#Wave 14
#0*0123456*
#1*0123456*
#2*0123456*
#3*0123456*
[7,80,3,0,1,1,1]
[7,80,1,1,1,1,1][7,80,5,1,1,1,0]
[7,80,3,2,1,1,1]
[7,80,1,3,1,1,1][7,80,5,3,1,1,0]
[7,80,3,4,1,1,1]
;
tile=Meteorite!
distance=1
start=0,-1
time=1
type=2
thienthach=1
speed=1
bonus=1,1,1,2,3,4,5,6,7
#Wave 15
# 2 khong sap xep theo hang cot
#*1*3*4*5*
#**2*4*6**
#*1011101*
#*3333333*
#*0110110*
[3,2,0,0,1.0,1,0][0,1,1,0,1.0,1,0][2,50,2,0,2.0,1,0][2,35,3,0,4.0,1,0][0,6,3,0,3.3,1,1][0,2,5,0,1.6,1,1][3,6,6,0,2.6,1,1]
[0,1,0,1,1.2,1,0][2,25,1,1,2.2,1,0][1,20,2,1,2.2,1,0][2,5,3,1,4.2,1,0][3,50,2,1,1.4,1,1][1,20,5,1,1.8,1,1][1,20,6,1,2.8,1,1]
[2,3,0,2,1.4,1,0][1,3,2,2,3.0,1,0][2,3,2,2,2.4,1,0][0,5,1,2,1.9,1,1][1,20,4,2,1.0,1,1][3,30,5,2,2.0,1,1][1,20,6,2,3.0,1,1]
[0,1,0,3,1.6,1,0][3,30,1,3,2.6,1,0][3,30,2,3,2.6,1,0][3,30,1,3,5.2,1,1][0,20,4,3,1.2,1,1][1,15,5,3,2.2,1,1][1,20,6,3,3.3,1,1]
[3,20,0,4,2.2,1,0][2,50,2,4,2.8,1,0][1,20,2,4,1.2,1,0][0,5,3,4,5.4,1,1][1,20,4,4,0.2,1,1][3,30,5,4,2.4,1,1][3,50,6,4,3.4,1,1]
[3,3,0,5,2.3,1,0][2,40,2,5,2.8,1,0][1,20,2,5,1.2,1,0][0,20,1,3,5.4,1,1][1,20,4,5,0.2,1,1][3,30,5,5,2.4,1,1][3,6,6,5,3.4,1,1]
[2,3,0,6,1.4,1,0][1,3,1,6,3.0,1,0][2,30,2,35,2.4,1,0][0,30,3,6,1.9,1,1][1,20,4,6,1.0,1,1][3,30,5,6,2.0,1,1][1,30,6,6,3.0,1,1]
[1,20,0,7,1.4,1,0][3,3,1,28,3.0,1,0][1,30,2,7,2.4,1,0][0,30,3,7,1.9,1,1][1,5,4,40,1.0,1,1][2,1,5,7,2.0,1,1][3,30,6,7,3.0,1,1]
[3,3,0,7,1.4,1,0][2,30,2,7,2.4,1,0][0,30,3,7,1.9,1,1][2,1,5,7,4.0,1,1][0,30,6,7,3.0,1,1]
;
tile=Iron Enemy!
start=5,1

time=1
speed=7
type=1
bonus=1,1,1,2,3,4,5,6,7
attack=true
#Wave 16
#0*0123456*
#1*0123456*
#2*0123456*
#3*0123456*
[9,120,3,0,1,1,1]
[9,120,1,1,1,1,1][9,120,5,1,1,1,0]
[9,120,3,2,1,1,1]
[9,120,1,3,1,1,1][9,120,5,3,1,1,0]
[9,120,3,4,1,1,1]
;