tile=Meteorite!
distance=1
start=0,-1
time=1
type=2
thienthach=1
speed=1
bonus=1,1,1,2,3,4,5,6,7
#Wave 1
# 2 khong sap xep theo hang cot
#*1*3*4*5*
#**2*4*6**
#*1011101*
#*3333333*
#*0110110*
[3,10,0,0,1.0,1,0][0,1,1,0,1.0,1,0][2,50,2,0,2.0,1,0][2,6,3,0,4.0,1,0][0,6,3,0,3.3,1,1][0,2,5,0,1.6,1,1][3,6,6,0,2.6,1,1]
[0,1,0,1,1.2,1,0][2,25,1,1,2.2,1,0][1,20,2,1,2.2,1,0][2,5,3,1,4.2,1,0][3,15,2,1,1.4,1,1][1,1,5,1,1.8,1,1][1,5,6,1,2.8,1,1]
[2,3,0,2,1.4,1,0][1,3,2,2,3.0,1,0][2,3,2,2,2.4,1,0][0,5,1,2,1.9,1,1][1,5,4,2,1.0,1,1][3,22,5,2,2.0,1,1][1,5,6,2,3.0,1,1]
[0,1,0,3,1.6,1,0][3,10,1,3,2.6,1,0][3,10,2,3,2.6,1,0][3,5,1,3,5.2,1,1][0,20,4,3,1.2,1,1][1,15,5,3,2.2,1,1][1,5,6,3,3.3,1,1]
[3,20,0,4,2.2,1,0][2,50,2,4,2.8,1,0][1,3,2,4,1.2,1,0][0,5,3,4,5.4,1,1][1,5,4,4,0.2,1,1][3,7,5,4,2.4,1,1][3,50,6,4,3.4,1,1]
[3,10,0,5,2.3,1,0][2,15,2,5,2.8,1,0][1,3,2,5,1.2,1,0][0,5,1,3,5.4,1,1][1,5,4,5,0.2,1,1][3,7,5,5,2.4,1,1][3,6,6,5,3.4,1,1]
[2,3,0,6,1.4,1,0][1,3,1,6,3.0,1,0][2,30,2,6,2.4,1,0][0,30,3,6,1.9,1,1][1,5,4,6,1.0,1,1][3,1,5,6,2.0,1,1][1,30,6,6,3.0,1,1]
[1,3,0,7,1.4,1,0][3,10,1,7,3.0,1,0][1,30,2,7,2.4,1,0][0,30,3,7,1.9,1,1][1,5,4,7,1.0,1,1][2,1,5,7,2.0,1,1][3,30,6,7,3.0,1,1]
[3,10,0,7,1.4,1,0][2,30,2,7,2.4,1,0][0,30,3,7,1.9,1,1][2,1,5,7,4.0,1,1][0,30,6,7,3.0,1,1]
;
tile=Meteorite!
distance=1
start=0,-1
time=1
type=2
thienthach=1
speed=1
#Wave 2
# 2 khong sap xep theo hang cot
#*1*3*4*5*
#**2*4*6**
#*1011101*
#*3333333*
#*0110110*
[3,10,0,0,1.0,1,0][0,1,1,0,1.0,1,0][2,50,2,0,2.0,1,0][2,6,3,0,4.0,1,0][0,6,3,0,3.3,1,1][3,6,6,0,2.6,1,1]
[0,1,0,1,1.2,1,0][2,25,1,1,2.2,1,0][1,20,2,1,2.2,1,0][2,5,3,1,4.2,1,0][3,15,2,1,1.4,1,1][1,1,5,1,1.8,1,1][1,5,6,1,2.8,1,1]
[2,3,0,2,1.4,1,0][1,3,2,2,3.0,1,0][0,5,1,2,1.9,1,1][1,5,4,2,1.0,1,1][3,22,5,2,2.0,1,1][1,5,6,2,3.0,1,1]
[0,1,0,3,1.6,1,0][3,10,1,3,2.6,1,0][3,10,2,3,2.6,1,0][3,5,1,3,5.2,1,1][0,20,4,3,1.2,1,1][1,15,5,3,2.2,1,1][1,5,6,3,3.3,1,1]
[2,50,2,4,2.8,1,0][1,3,2,4,1.2,1,0][0,5,3,4,5.4,1,1][1,5,4,4,0.2,1,1][3,7,5,4,2.4,1,1][3,50,6,4,3.4,1,1]
[3,10,0,5,2.3,1,0][2,15,2,5,2.8,1,0][1,3,2,5,1.2,1,0][0,5,1,3,5.4,1,1][1,5,4,5,0.2,1,1][3,7,5,5,2.4,1,1][3,6,6,5,3.4,1,1]
[2,3,0,6,1.4,1,0][1,3,1,6,3.0,1,0][2,30,2,6,2.4,1,0][0,30,3,6,1.9,1,1][1,5,4,6,1.0,1,1][3,1,5,6,2.0,1,1][1,30,6,6,3.0,1,1]
[1,3,0,7,1.4,1,0][3,10,1,7,3.0,1,0][1,30,2,7,2.4,1,0][0,30,3,7,1.9,1,1][1,5,4,7,1.0,1,1][2,1,5,7,2.0,1,1][3,30,6,7,3.0,1,1]
[3,10,0,7,1.4,1,0][2,30,2,7,2.4,1,0][0,30,3,7,1.9,1,1][0,30,6,7,3.0,1,1]
tile=Meteorite!
distance=1
start=0,-1
time=1
type=2
thienthach=1
speed=1
bonus=1,1,1,2,3,4,5,6,7
#Wave 3
# 2 khong sap xep theo hang cot
#*1*3*4*5*
#**2*4*6**
#*1011101*
#*3333333*
#*0110110*
[0,1,1,0,1.0,1,0][2,50,2,0,2.0,1,0][2,6,3,0,4.0,1,0][0,6,3,0,3.3,1,1][0,2,5,0,1.6,1,1][3,6,6,0,2.6,1,1]
[0,1,0,1,1.2,1,0][2,25,1,1,2.2,1,0][2,5,3,1,4.2,1,0][3,15,2,1,1.4,1,1][1,1,5,1,1.8,1,1][1,5,6,1,2.8,1,1]
[2,3,0,2,1.4,1,0][1,3,2,2,3.0,1,0][2,3,2,2,2.4,1,0][0,5,1,2,1.9,1,1][1,5,4,2,1.0,1,1][3,22,5,2,2.0,1,1][1,5,6,2,3.0,1,1]
[0,1,0,3,1.6,1,0][3,10,1,3,2.6,1,0][3,10,2,3,2.6,1,0][3,5,1,3,5.2,1,1][0,20,4,3,1.2,1,1][1,15,5,3,2.2,1,1][1,15,6,3,3.3,1,1]
[3,20,0,4,2.2,1,0][2,50,2,4,2.8,1,0][0,5,3,4,5.4,1,1][1,5,4,4,0.2,1,1][3,7,5,4,2.4,1,1][3,50,6,4,3.4,1,1]
[3,10,0,5,2.3,1,0][2,15,2,5,2.8,1,0][1,3,2,5,1.2,1,0][0,5,1,3,5.4,1,1][1,5,4,5,0.2,1,1][3,7,5,5,2.4,1,1][3,6,6,5,3.4,1,1]
[2,3,0,6,1.4,1,0][1,3,1,6,3.0,1,0][2,30,2,6,2.4,1,0][0,30,3,6,1.9,1,1][1,5,4,6,1.0,1,1][3,1,5,6,2.0,1,1][1,30,6,6,3.0,1,1]
[3,10,1,7,3.0,1,0][1,30,2,7,2.4,1,0][0,30,3,7,1.9,1,1][1,5,4,7,1.0,1,1][2,1,5,7,2.0,1,1][3,30,6,7,3.0,1,1]
[3,10,0,7,1.4,1,0][2,30,2,7,2.4,1,0][0,30,3,7,1.9,1,1][2,1,5,7,4.0,1,1][0,30,6,7,3.0,1,1]
;
tile=Enemy Run!
start=5,1
time=1
type=1
speed=4
distance=1
bonus=1,1,1,2,3,4,5,6,7
#Wave 4
# Sap xep theo cot
#*4010104*
#*1142411*
#*1011101*
#*3333333*
#*0110110*
[1,5,0,0,0,1,0][0,2,1,0,0,1,0][1,5,2,0,0,1,0][0,2,3,0,0,1,0][1,5,4,0,0,1,0][0,2,5,0,0,1,0][1,5,6,0,0,1,0]
[1,5,0,1,0,1,1][0,2,1,1,0,1,1][1,5,2,1,0,1,1][0,2,3,1,0,1,1][1,5,4,1,0,1,1][0,2,5,1,0,1,1][1,5,6,1,0,1,1]
[1,5,0,2,2,1,0][0,2,1,2,2,1,0][1,5,2,2,2,1,0][0,2,3,2,2,1,0][1,5,4,2,2,1,0][0,2,5,2,2,1,0][1,5,6,2,2,1,0]
[1,5,0,3,2,1,1][0,2,1,3,2,1,1][1,5,2,3,2,1,1][0,2,3,3,2,1,1][1,5,4,3,2,1,1][0,2,5,3,2,1,1][1,5,6,3,2,1,1]
[11,10,0,4,1,1,0][11,10,1,4,1,1,0][11,10,2,4,1,1,0][11,10,3,4,1,1,0][11,10,4,4,0,1,0][11,10,5,4,0,1,0][11,10,6,4,0,1,0]
;
tile=Enemy Run!
start=5,1
time=1
type=1
speed=4
distance=1
#Wave 5
# Sap xep theo cot
#*4010104*
#*1142411*
#*1011101*
#*3333333*
#*0110110*
[2,8,0,0,0,1,0][1,5,1,0,0,1,0][2,8,2,0,0,1,0][1,5,3,0,0,1,0][2,8,4,0,0,1,0][1,5,5,0,0,1,0][2,8,6,0,0,1,0]
[2,8,0,1,0,1,1][1,5,1,1,0,1,1][2,8,2,1,0,1,1][1,5,3,1,0,1,1][2,8,4,1,0,1,1][1,5,5,1,0,1,1][2,8,6,1,0,1,1]
[2,8,0,2,2,1,0][1,5,1,2,2,1,0][2,8,2,2,2,1,0][1,5,3,2,2,1,0][2,8,4,2,2,1,0][1,5,5,2,2,1,0][2,8,6,2,2,1,0]
[2,8,0,3,2,1,1][1,5,1,3,2,1,1][2,8,2,3,2,1,1][1,5,3,3,2,1,1][2,8,4,3,2,1,1][1,5,5,3,2,1,1][2,8,6,3,2,1,1]
[11,20,0,4,1,1,0][11,15,1,4,1,1,0][11,15,2,4,1,1,0][11,15,3,4,1,1,0][11,15,4,4,0,1,0][11,15,5,4,0,1,0][11,15,6,4,0,1,0]
;
tile=Enemy Run!
start=5,1
time=1
type=1
speed=4
distance=1
#Wave 6
# Sap xep theo cot
#*4010104*
#*1142411*
#*1011101*
#*3333333*
#*0110110*
[2,10,0,0,0,1,0][1,8,1,0,0,1,0][2,10,2,0,0,1,0][1,8,3,0,0,1,0][2,10,4,0,0,1,0][1,8,5,0,0,1,0][2,10,6,0,0,1,0]
[2,10,0,1,0,1,1][2,10,2,1,0,1,1][2,10,4,1,0,1,1][2,10,6,1,0,1,1]
[2,10,0,2,2,1,0][12,15,1,2,2,1,0][2,10,2,2,2,1,0][12,15,3,2,2,1,0][2,10,4,2,2,1,0][12,15,5,2,2,1,0][2,10,6,2,2,1,0]
[2,10,0,3,2,1,1][2,10,2,3,2,1,1][2,10,4,3,2,1,1][2,10,6,3,2,1,1]
[11,25,0,4,1,1,0][11,25,1,4,1,1,0][11,25,2,4,1,1,0][11,25,3,4,1,1,0][11,25,4,4,0,1,0][11,25,5,4,0,1,0][11,25,6,4,0,1,0]
;
tile=Enemy Run!
start=5,1
time=2
type=1
speed=9
distance=1.1
save=[0,-3.6]
#Wave 7
# Sap xep theo cot
#*0000000*
#*1111111*
#*0000000*
#*1111111*
#*0110110*
[4,25,0,0,0.0,1,1][2,20,1,0,1.0,1,1][4,25,2,0,2.0,1,1][2,20,3,0,3.0,1,1][4,25,4,0,0.6,1,0][2,20,5,0,1.6,1,0][4,25,6,0,2.6,1,0]
[2,20,0,1,0.2,1,1][8,30,1,1,1.2,1,1][2,15,2,1,2.2,1,1][8,30,3,1,3.2,1,1][2,15,4,1,0.8,1,0][8,30,5,1,1.8,1,0][2,20,6,1,2.8,1,0]
[4,25,0,2,0.4,1,1][2,20,1,2,1.4,1,1][4,25,2,2,2.4,1,1][2,20,3,2,0.0,1,0][4,25,4,2,1.0,1,0][2,20,5,2,2.0,1,0][4,25,6,2,3.0,1,0]
[2,20,0,3,0.6,1,1][8,30,1,3,1.6,1,1][2,20,2,3,2.6,1,1][8,30,3,3,0.2,1,0][2,20,4,3,1.2,1,0][8,30,5,3,2.2,1,0][2,20,6,3,3.2,1,0]
[11,35,0,4,0.8,1,1][11,35,1,4,1.8,1,1][11,35,2,4,2.8,1,1][11,35,3,4,0.4,1,0][11,35,4,4,1.4,1,0][11,35,5,4,2.4,1,0][11,35,6,4,3.4,1,0]
;
tile=Space 3!
start=5,1
time=1
speed=9
distance=0.8
type=1
bonus=1,1,1,2,3,4,5,6,7
#Wave 8
#0*0123456*
#1*0123456*
#2*0123456*
#3*0123456*
[9,40,0,0,0.2,1,1][9,40,3,0,1.0,1,0][9,40,6,0,1.8,1,0]
[8,27,0,2,0.4,1,0][9,40,3,2,1.2,1,1][8,27,6,2,2.0,1,0]
[9,40,0,4,0.6,1,1][9,40,3,4,1.4,1,0][9,40,6,4,2.2,1,0]
;
tile=Space 3!
start=5,1
time=1
speed=9
distance=0.8
type=1
#Wave 9
#0*0123456*
#1*0123456*
#2*0123456*
#3*0123456*
[9,40,0,0,0.2,1,1][9,40,3,0,1.0,1,0][9,40,6,0,1.8,1,0]
[8,37,0,2,0.4,1,0][9,40,3,2,1.2,1,1][8,37,6,2,2.0,1,0]
[16,30,0,4,0.6,1,1][9,40,3,4,1.4,1,0][16,30,6,4,2.2,1,0]
;
tile=Iron Enemy!
start=5,1
time=1
speed=7
type=1
bonus=1,1,1,2,3,4,5,6,7
attack=true
#Wave 10
#0*0123456*
#1*0123456*
#2*0123456*
#3*0123456*
[13,40,3,0,1,1,1]
[14,45,1,1,1,1,1][14,45,5,1,1,1,0]
[13,40,3,2,1,1,1]
[15,50,1,3,1,1,1][15,50,5,3,1,1,0]
[13,40,3,4,1,1,1]
;
tile=Iron Enemy!
start=5,1
time=1
speed=7
type=1
attack=true
#Wave 11
#0*0123456*
#1*0123456*
#2*0123456*
#3*0123456*
[13,40,3,0,1,1,1]
[14,45,1,1,1,1,1][14,45,5,1,1,1,0]
[13,40,3,2,1,1,1]
[15,50,1,3,1,1,1][15,50,5,3,1,1,0]
[13,40,3,4,1,1,1]
;
tile=Enemy down!
start=5,1
speed=8
distance=1
time=0.5
type=1
bonus=1,1,1,2,3,4,5,6,7
#Wave 12
[9,50,0,0,0.0,1,0][9,50,1,0,1.0,1,0][9,50,2,0,2.0,1,0][9,50,3,0,3.0,1,0][9,50,4,0,4.0,1,0][9,50,5,0,5.0,1,0][9,50,6,0,6.0,1,0]
[7,40,0,1,0.2,1,0][7,40,2,1,2.2,1,0][7,40,4,1,4.2,1,0][7,40,6,1,6.2,1,0]
[2,15,0,2,0.4,1,0][2,15,1,2,1.4,1,0][2,15,2,2,2.4,1,0][2,15,3,2,3.4,1,0][2,15,4,2,4.4,1,0][2,15,5,2,5.4,1,0][2,15,6,2,6.4,1,0]
[7,40,1,3,1.6,1,0][7,40,3,3,3.6,1,0][7,40,5,3,5.6,1,0]
[11,45,0,4,0.8,1,0][11,45,1,4,1.8,1,0][11,45,2,4,2.8,1,0][11,45,3,4,3.8,1,0][11,45,4,4,4.8,1,0][11,45,5,4,5.8,1,0][1,30,6,4,6.8,1,0]
;
tile=Enemy down!
start=5,1
speed=8
distance=1
time=0.5
type=1
#Wave 13
[9,50,0,0,0.0,1,0][9,50,1,0,1.0,1,0][9,50,2,0,2.0,1,0][9,50,3,0,3.0,1,0][9,50,4,0,4.0,1,0][9,50,5,0,5.0,1,0][9,50,6,0,6.0,1,0]
[7,40,0,1,0.2,1,0][7,40,2,1,2.2,1,0][7,40,4,1,4.2,1,0][7,40,6,1,6.2,1,0]
[2,15,0,2,0.4,1,0][2,15,1,2,1.4,1,0][2,15,2,2,2.4,1,0][2,15,3,2,3.4,1,0][2,15,4,2,4.4,1,0][2,15,5,2,5.4,1,0][2,15,6,2,6.4,1,0]
[7,40,1,3,1.6,1,0][7,40,3,3,3.6,1,0][7,40,5,3,5.6,1,0]
[11,45,0,4,0.8,1,0][11,45,1,4,1.8,1,0][11,45,2,4,2.8,1,0][11,45,3,4,3.8,1,0][11,45,4,4,4.8,1,0][11,45,5,4,5.8,1,0][1,30,6,4,6.8,1,0]
;
tile=Iron Enemy!
start=5,1
time=1
speed=7
type=1
attack=true
#Wave 10
#0*0123456*
#1*0123456*
#2*0123456*
#3*0123456*
[13,50,3,0,1,1,1]
[14,60,1,1,1,1,1][14,60,5,1,1,1,0]
[13,50,3,2,1,1,1]
[15,70,1,3,1,1,1][15,70,5,3,1,1,0]
[13,50,3,4,1,1,1]
;
tile=Iron Enemy!
start=5,1
time=1
speed=7
type=1
bonus=1,1,1,2,3,4,5,6,7
attack=true
#Wave 11
#0*0123456*
#1*0123456*
#2*0123456*
#3*0123456*
[13,50,3,0,1,1,1]
[14,60,1,1,1,1,1][14,60,5,1,1,1,0]
[13,50,3,2,1,1,1]
[15,70,1,3,1,1,1][15,70,5,3,1,1,0]
[13,50,3,4,1,1,1]
;

