#[0] Type
#[1] Health
#[2] dx
#[3] dy
#[4] Delay
#[5] Speed
#[6] Arrow
#[7] Group
################
tile=Enemy heart!
start=5,1
time=1
type=2
speed=5
bonus=1,2,3,4,1,2
#Wave1
#0**12*45**
#1*0123456*
#2*0123456*
#3**12345**
#4***234***
#5****3****
[3,10,1,0,0,1,1][1,5,2,0,0,1,1][1,5,4,0,0,1,1][3,10,5,0,0,1,1]
[0,3,0,1,0,1,1][1,5,1,1,0,1,1][0,3,2,1,0,1,1][3,10,3,1,0,1,1][0,3,4,1,0,1, 1][1,3,5,1,0,1, 1][0,3,6,1,0,1, 1]
[1,5,0,2,0,1,1][0,3,1,2,0,1,1][1,5,2,2,0,1,1][0,3,3,2,0,1,1][1,5,4,2,0,1, 1][0,3,5,2,0,1, 1][1,5,6,2,0,1, 1]
[3,10,1,3,0,1,1][0,3,2,3,0,1,1][1,5,3,3,0,1,1][0,3,3,0,0,1,1][3,10,5,3,0,1, 1]
[1,5,2,4,0,1,1][0,3,3,4,0,1,1][1,5,4,4,0,1,1]
[1,5,3,5,0,1,1]
;
start=5,1
speed=6
time=1
type=1
safe=[0,-3.6]
bonus=1,2,2,3  
#Wave 2
[0,1,0,0,0.0,1,1][0,1,2,0,2.0,1,1][0,1,4,0,4.0,1,1][0,1,6,0,6.0,1,1]
[0,1,1,1,1.2,1,1][0,1,3,1,3.2,1,1][0,1,5,1,5.2,1,1][0,1,7,1,7.2,1,1]
[0,1,0,2,0.4,1,1][0,1,2,2,2.4,1,1][0,1,4,2,4.4,1,1][0,1,6,2,6.4,1,1]
[0,1,0,3,0.6,1,1][0,1,2,3,2.6,1,1][0,1,4,3,4.6,1,1][0,1,6,3,6.6,1,1]
[0,1,1,4,1.8,1,1][0,1,3,4,3.8,1,1][0,1,4,5,5.8,1,1][0,1,7,4,7.8,1,1]
;
tile=Enemy Fly!
distance=1
start=5,1
time=1
type=2
speed=5
safe=[0,-3]
bonus=1,2,1,3
#Wave 3
# 2 khong sap xep theo hang cot
#*1*3*4*5*
#**2*4*6**
#*1011101*
#*3333333*
#*0110110*
[3,7,0,0,0.0,1,0][0,6,1,0,1.0,1,0][0,6,2,0,2.0,1,0][0,6,3,0,3.0,1,0][0,6,4,0,0.6,1,1][0,6,5,0,1.6,1,1][3,7,6,0,2.6,1,1]
[2,5,0,1,0.2,1,0][1,5,1,1,1.2,1,0][1,5,2,1,2.2,1,0][1,5,3,1,3.2,1,0][1,5,4,1,0.8,1,1][1,5,5,1,1.8,1,1][1,5,6,1,2.8,1,1]
[2,5,0,2,0.4,1,0][1,5,1,2,1.4,1,0][1,5,2,2,2.4,1,0][1,5,3,2,0.0,1,1][1,5,4,2,1.0,1,1][1,5,5,2,2.0,1,1][1,5,6,2,3.0,1,1]
[2,5,0,3,0.6,1,0][1,5,1,3,1.6,1,0][1,5,2,3,2.6,1,0][1,5,3,3,0.2,1,1][1,5,4,3,1.2,1,1][1,5,5,3,2.2,1,1][1,5,6,3,3.2,1,1]
[3,7,0,4,0.8,1,0][1,5,1,4,1.8,1,0][1,5,2,4,2.8,1,0][1,5,3,4,0.4,1,1][1,5,4,4,1.4,1,1][1,5,5,4,2.4,1,1][3,7,6,4,3.4,1,1]
;
distance=1
start=0,3
time=1
type=2
speed=4
bonus=0,1 ,2
#Wave 4
# 2 khong sap xep theo hang cot
#*1*3*4*5*
#**2*4*6**
#*1011101*
#*3333333*
#*0110110*
[1,11,0,0,3,1,1][2,11,1,0,2,1,1][3,15,2,0,1,1,1][3,15,3,0,0,1,0][2,11,4,0,1,1,0][1,11,5,0,2,1,0]
[2,6,0,1,3,1,1][0, 6,1,1,2,1,1][0, 6,2,1,1,1,1][0, 6,3,1,0,1,0][0, 6,4,1,1,1,0][0,6,5,1,2,1,0]
[1,11,0,2,3,1,1][3,11,1,2,2,1,1][3,15,2,2,1,1,1][3,15,3,2,0,1,0][3,11,4,2,1,1,0][1,11,5,2,2,1,0]
[2,6,0,3,3,1,1][0, 6,1,3,2,1,1][0, 6,2,3,1,1,1][0, 6,3,3,0,1,0][0, 6,4,3,1,1,0][0,6,5,3,2,1,0]
[1,11,0,4,3,1,1][2,11,1,4,2,1,1][3,15,2,4,1,1,1][3,15,3,4,0,1,0][2,11,4,4,1,1,0][1,11,5,4,2,1,0]
;
start=5,1
time=1
type=2
speed=4
bonus=1,2,0,1
#Wave 5
# 2 khong sap xep theo hang cot
#*1*3*4*5*
#**2*4*6**
#*1011101*
#*3333333*
#*0110110*
[2,5,0,0,0.0,1,0][0,6,1,0,1.0,1,0][0,6,2,0,2.0,1,0][0,6,3,0,3.0,1,0][0,6,4,0,0.6,1,1][0,6,5,0,1.6,1,1][0,6,6,0,2.6,1,1]
[2,5,0,1,0.2,1,0][1,5,1,1,1.2,1,0][1,5,2,1,2.2,1,0][1,5,3,1,3.2,1,0][1,5,4,1,0.8,1,1][1,5,5,1,1.8,1,1][1,5,6,1,2.8,1,1]
[2,5,0,2,0.4,1,0][1,5,1,2,1.4,1,0][1,5,2,2,2.4,1,0][1,5,3,2,0.0,1,1][1,5,4,2,1.0,1,1][1,5,5,2,2.0,1,1][1,5,6,2,3.0,1,1]
[2,5,0,3,0.6,1,0][1,5,1,3,1.6,1,0][1,5,2,3,2.6,1,0][1,5,3,3,0.2,1,1][1,5,4,3,1.2,1,1][1,5,5,3,2.2,1,1][1,5,6,3,3.2,1,1]
[2,5,0,4,0.8,1,0][1,5,1,4,1.8,1,0][1,5,2,4,2.8,1,0][1,5,3,4,0.4,1,1][1,5,4,4,1.4,1,1][1,5,5,4,2.4,1,1][1,5,6,4,3.4,1,1]
;
distance=1
start=5,0
time=1
type=2
speed=4
bonus=1,1,4
safe=[0,-3.6]
group=true
#Wave 6
# 2 khong sap xep theo hang cot
#*1*3*4*5*
#**2*4*6**
#*1011101*
#*3333333*
#*0110110*
[1,11,0,0,3,1,1][2,11,1,0,2,1,1][3,15,2,0,1,1,1][3,15,3,0,0,1,0][2,11,4,0,1,1,0][1,11,5,0,2,1,0]
[0,6,0,1,3,1,1][0,6,1,1,2,1,1][0,6,2,1,1,1,1][0,6,3,1,0,1,0][0,6,4,1,1,1,0][0,6,5,1,2,1,0]
[1,11,0,2,3,1,1][2,11,1,2,2,1,1][3,15,2,2,1,1,1][3,15,3,2,0,1,0][2,11,4,2,1,1,0][1,11,5,2,2,1,0]
[0,6,0,3,3,1,1][0,6,1,3,2,1,1][0,6,2,3,1,1,1][0,6,3,3,0,1,0][0,6,4,3,1,1,0][0,6,5,3,2,1,0]
[1,11,0,4,3,1,1][2,11,1,4,2,1,1][3,15,2,4,1,1,1][3,15,3,4,0,1,0][2,11,4,4,1,1,0][1,11,5,4,2,1,0]
;
