#[0] Type
#[1] Health
#[2] dx
#[3] dy
#[4] Delay 
#[5] Speed
#[6] Arrow
#__________
start=5,-4
distance=1.1
speed=7
time=1
type=1
bonus=1,1,3
#Wave 1
[3,5,0,0,1.0,1,1][0,1,1,0,2.0,1,1][0,2,2,0,3.0,1,1][0,2,3,0,4.0,1,1][0,2,4,0,5.0,1,1]
[0,2,0,1,1.2,1,1][0,1,1,1,2.2,1,1][0,2,2,1,3.2,1,1][0,2,3,1,4.2,1,1][0,2,4,1,5.2,1,1]
[3,5,0,2,1.4,1,1][0,1,1,2,2.4,1,1][0,2,2,2,3.4,1,1][0,2,3,2,4.4,1,1][0,2,4,2,5.4,1,1]
[0,2,0,3,1.6,1,1][0,1,1,3,2.6,1,1][0,2,2,3,3.6,1,1][0,2,3,3,4.6,1,1][0,2,4,3,5.6,1,1]
[3,5,0,4,1.8,1,1][0,1,1,4,2.8,1,1][0,2,2,4,3.8,1,1][0,2,3,4,4.8,1,1][0,2,4,4,5.8,1,1]
;
start=5,-4
distance=1
speed=7
time=1
type=1
bonus=1,3,2
#Wave 2
[2,2,0,0,0.0,1,0][2,2,1,0,1.0,1,0][2,2,2,0,2.0,1,0][2,2,3,0,3.0,1,0][2,2,4,0,0.6,1,1][2,2,5,0,1.6,1,1][2,2,6,0,2.6,1,1]
[2,2,0,1,0.2,1,0][2,2,1,1,1.2,1,0][2,2,2,1,2.2,1,0][2,2,3,1,3.2,1,0][2,2,4,1,0.8,1,1][2,2,5,1,1.8,1,1][2,2,6,1,2.8,1,1]
[2,2,0,2,0.4,1,0][2,2,1,2,1.4,1,0][2,2,2,2,2.4,1,0][2,2,3,2,0.0,1,1][2,2,4,2,1.0,1,1][2,2,5,2,2.0,1,1][2,2,6,2,3.0,1,1]
[2,2,0,3,0.6,1,0][2,2,1,3,1.6,1,0][2,2,2,3,2.6,1,0][2,2,3,3,0.2,1,1][2,2,4,3,1.2,1,1][2,2,5,3,2.2,1,1][2,2,6,3,3.2,1,1]
[2,2,0,4,0.8,1,0][2,2,1,4,1.8,1,0][2,2,2,4,2.8,1,0][2,2,3,4,0.4,1,1][2,2,4,4,1.4,1,1][2,2,5,4,2.4,1,1][2,2,6,4,3.4,1,1]
;
tile=Enemy Fly 123!
start=5,1
time=1
speed=5
type=2
bonus=2,3,1,3,2
#Wave 4
#0*0123456*
#1**12345**
#2***234***
#3****3****
#4**1*3*5**
[2,9,0,0,0,1,0][2,9,1,0,0,1,0][2,9,2,0,0,1,0][2,3,3,0,0,1,0][2,9,4,0,0,1,0][2,9,5,0,0,1,1][2,9,6,0,0,1,0]
[2,9,1,1,1,1,1][2,9,2,1,1,1,1][2,9,3,1,1,1,1][2,5,4,1,1,1,1][2,9,5,1,1,1,1]
[2,9,2,2,2,1,0][2,9,3,2,2,1,0][2,9,4,2,2,1,0]
[2,9,3,3,3,1,1]
[3,20,1,4,0,1,1][3,20,3,4,0,1,1][3,20,5,4,0,1,1]
;
start=5,1
speed=6
time=1
type=1
bonus=1,1,4
path=wave    
#Wave 5
[0,4,0,0,0.0,1,1][0,4,1,0,1.0,1,1][0,4,2,0,2.0,1,1][0,4,3,0,3.0,1,1][0,4,3,0,4.0,1,1][0,4,4,0,5.0,1,1][0,4,5,0,6.0,1,1][0,4,6,0,7.0,1,1]
[0,4,0,1,0.2,1,1][0,4,1,1,1.2,1,1][0,4,2,1,2.2,1,1][0,4,3,1,3.2,1,1][0,4,3,1,4.2,1,1][0,4,4,1,5.2,1,1][0,4,5,1,6.2,1,1][0,4,6,1,7.2,1,1]
[0,4,0,2,0.4,1,1][0,4,1,2,1.4,1,1][0,4,2,2,2.4,1,1][0,4,3,2,3.4,1,1][0,4,3,2,4.4,1,1][0,4,4,2,5.4,1,1][0,4,5,2,6.4,1,1][0,4,6,2,7.4,1,1]
[0,4,0,3,0.6,1,1][0,4,1,3,1.6,1,1][0,4,2,3,2.6,1,1][0,4,3,3,3.6,1,1][0,4,3,3,4.6,1,1][0,4,4,3,5.6,1,1][0,4,5,3,6.6,1,1][0,4,6,3,7.6,1,1]
[0,4,0,4,0.8,1,1][0,4,1,4,1.8,1,1][0,4,2,4,2.8,1,1][0,4,3,4,3.8,1,1][0,4,3,4,4.8,1,1][0,4,4,4,5.8,1,1][0,4,5,4,6.8,1,1][0,4,6,4,7.8,1,1]
;

tile=Fall down!
start=0,5
distance=0.8
speed=5
time=1
type=1
bonus=1,2,3,0,1
#Wave 3
[3,11,0,0,0.0,1,1][2,7,1,0,0.2,1,1][3,11,2,0,0.4,1,1][2,7,3,0,0.6,1,1][3,11,4,0,0.8,1,1][2,7,5,0,1.0,1,1][3,11,6,0,1.2,1,1][2,7,7,0,1.4,1,1]
[2,7,1,1,1.6,1,1][0,2,2,1,1.8,1,1][3,11,3,1,2.0,1,1][0,4,4,1,2.2,1,1][0,4,5,1,2.4,1,1][2,7,6,1,2.6,1,1]
[0,4,2,2,2.8,1,1][0,4,3,2,3.0,1,1][0,4,4,2,3.2,1,1][0,4,5,2,3.4,1,1]
[0,4,3,3,3.6,1,1][0,4,4,3,3.8,1,1]
[3,11,3,4,4.0,1,1]
;
tile=Two rings!
start=0,5
distance=1
speed=5
time=1
type=1
path=path7,path8
bonus=2,3,2,0,1
#Wave 4
[2,9,0,0,0.0,1,0][0, 5,1,0,1.0,1,0][0, 5,2,0,2.0,1,0][0, 5,3,0,3.0,1,0][0, 5,4,3,0.6,1,1][0, 5,5,0,1.6,1,1][2,9,6,0,2.6,1,1]
[2,9,0,1,0.2,1,0][3,13,1,1,1.2,1,0][1,11,2,1,2.2,1,0][1,11,3,1,3.2,1,0][1,11,4,1,0.8,1,1][3,13,5,1,1.8,1,1][2,9,6,1,2.8,1,1]
[2,9,0,2,0.4,1,0][1,11,1,2,1.4,1,0][1,11,2,2,2.4,1,0][1,11,3,2,0.0,1,1][1, 5,4,2,1.0,1,1][1, 5,5,2,2.0,1,1][2,9,6,2,3.0,1,1]
[2,9,0,3,0.6,1,0][1,11,1,3,1.6,1,0][1,11,2,3,2.6,1,0][1,11,3,3,0.2,1,1][1, 5,4,3,1.2,1,1][1, 5,5,3,2.2,1,1][2,9,6,3,3.2,1,1]
[2,9,0,4,0.8,1,0][1,11,1,4,1.8,1,0][1,11,2,4,2.8,1,0][1,11,3,4,0.4,1,1][1, 5,4,4,1.4,1,1][1, 5,5,4,2.4,1,1][2,9,6,4,3.4,1,1]
;
start=0,5
distance=1
speed=5
time=1
type=1
bonus=1,2,3,0,4
#Wave 5
[2, 2,0,0,0.0,1,1][3, 7,1,0,1.0,1,1][0, 4,2,0,2.0,1,1][0, 4,3,0,3.0,1,1][0, 4,4,0,4.0,1,1][0, 4,5,0,5.0,1,1][0, 4,6,0,6.0,1,1]
[0, 2,0,1,0.2,1,1][0, 2,1,1,1.2,1,1][0, 4,2,1,2.2,1,1][0, 4,3,1,3.2,1,1][0, 4,4,1,4.2,1,1][0, 4,5,1,5.2,1,1][0, 4,6,1,6.2,1,1]
[4,15,0,2,0.4,1,1][2,11,1,2,1.4,1,1][4,15,2,2,2.4,1,1][2,11,3,2,3.4,1,1][4,15,4,2,4.4,1,1][2,11,5,2,5.4,1,1][4,15,6,2,6.4,1,1]
[0, 2,0,3,0.6,1,1][0, 2,1,3,1.6,1,1][0, 4,2,3,2.6,1,1][0, 4,3,3,3.6,1,1][0, 4,4,3,4.6,1,1][0, 4,5,3,5.6,1,1][0, 4,6,3,6.6,1,1]
[0, 2,0,4,0.8,1,1][3, 7,1,4,1.8,1,1][0, 4,2,4,2.8,1,1][0, 4,3,4,3.8,1,1][0, 4,4,4,4.8,1,1][0, 4,5,4,5.8,1,1][0, 4,6,4,6.8,1,1]
;
tile=Enemy Space!
start=5,1
time=1
speed=6
type=1
bonus=1,2,2
#Wave 6
#0*0123456*
#1*0123456*
#2*0123456*
#3*0123456*
[6,15,0,2,0,1,1][6,15,1,6,15,1,0]
[6,15,3,3,5,1,0][6,15,2,3,17,1,1]
[6,15,1,4,8,1,1][6,15,5,4,20,1,0]
[6,15,2,4,12,1,0][6,15,3,4,22,1,1]
;
