#[0] Type
#[1] Health
#[2] dx
#[3] dy
#[4] Delay
#[5] Speed
#[6] Arrow

tile=Chickien square!
start=5,-4
speed=5
time=1
distance=1.3
type=1
bonus=1,2,0,2
#Wave 1
[2,2,1,0,1.0,1,1][2,2,2,0,2.0,1,1][2,2,3,0,3.0,1,1]
[2,2,0,1,1.2,1,1][2,2,1,1,2.2,1,1][2,2,2,1,3.2,1,1][2,2,3,1,4.0,1,1][2,2,4,1,4.0,1,1]
[2,2,1,2,1.4,1,1][2,2,2,2,2.4,1,1][2,2,3,2,3.4,1,1]
[2,2,0,3,1.6,1,1][2,2,1,3,2.6,1,1][2,2,2,3,3.6,1,1][2,2,3,3,4.2,1,1][2,2,4,3,4.2,1,1]
;
tile=Enemy Fly!
start=5,1
distance=0.9
time=1
type=1
speed=7
bonus=1,1,3
#Wave2
# 2 khong sap xep theo hang
#*4010104*
#*1142411*
#*1011101*
#*3333333*
#*0110110*
[0,3,0,0,0.0,1,1][0,4,1,0,1.0,1,1][0,4,2,0,2.0,1,1][0,4,3,0,3.0,1,1][3,9,3,0,4.0,1,1][2,5,4,0,5.0,1,1][1,5,5,0,6.0,1,1][0,3,6,0,7.0,1,1]
[0,3,0,1,0.2,1,1][0,4,1,1,1.2,1,1][0,4,2,1,2.2,1,1][3,9,3,1,3.2,1,1][2,5,3,1,4.2,1,1][1,5,4,1,5.2,1,1][0,3,5,1,6.2,1,1][0,4,6,1,7.2,1,1]
[0,3,0,2,0.4,1,1][0,4,1,2,1.4,1,1][3,9,2,2,2.4,1,1][2,5,3,2,3.4,1,1][1,5,3,2,4.4,1,1][0,3,4,2,5.4,1,1][0,4,5,2,6.4,1,1][0,4,6,2,7.4,1,1]
[0,3,0,3,0.6,1,1][3,9,1,3,1.6,1,1][2,5,2,3,2.6,1,1][1,5,3,3,3.6,1,1][0,3,3,3,4.6,1,1][0,4,4,3,5.6,1,1][0,4,5,3,6.6,1,1][0,4,6,3,7.6,1,1]
[3,9,0,4,0.8,1,1][2,5,1,4,1.8,1,1][1,5,2,4,2.8,1,1][0,3,3,4,3.8,1,1][3,9,3,4,4.8,1,1][3,9,4,4,5.8,1,1][3,9,5,4,6.8,1,1][3,9,6,4,7.8,1,1]
;
tile=Enemy Run!
start=5,1
time=1
type=1
speed=8
distance=1
bonus=0,1,2
path=wave
unsafe=[0,2]
safe=[0,-3.6]
#Wave 3
# 2 khong sap xep theo hang cot
#*1*3*4*5*
#**2*4*6**
#*1011101*
#*3333333*
#*0110110*
[5,15,0,0,1.0,1,0][0,4,1,0,1.8,1,0][3,11,2,0,2.6,1,0][0,4,3,0,3.4,1,1][3,11,4,0,4.2,1,1][0,4,5,0,5.2,1,1][3,11,6,0,6.0,1,1]
[0,4,0,1,1.2,1,0][3,11,1,1,2.0,1,0][0,4,2,1,2.8,1,0][3,11,3,1,3.6,1,1][0,4,4,1,4.6,1,1][3,11,5,1,5.4,1,1][0,4,6,1,6.2,1,1]
[3,11,0,2,1.4,1,0][0,4,1,2,2.2,1,0][3,11,2,2,3.0,1,0][0,4,3,2,3.8,1,1][3,11,4,2,4.8,1,1][0,4,5,2,5.6,1,1][3,11,6,2,6.4,1,1]
[0,4,0,3,1.6,1,0][3,11,1,3,2.4,1,0][0,4,2,3,3.2,1,0][3,11,3,3,4.0,1,1][0,4,4,3,5.0,1,1][3,11,5,3,5.8,1,1][5,15,6,3,6.6,1,1]
;
tile=Double circle!
path=path7,path8
start=5,1
bonus=1,1,3
time=1
type=2
speed=5
unsafe=[-2,0][2,0]
#Wave4
#0*0123456*
#1*0123456*
#2*0123456*
#3*0123456*
[2,9,0,0,0.2,0.5,1][1,10,1,0,1.2,0.5,1][2,9,2,0,2.2,0.5,1][1,10,3,0,3.2,0.5,1][2,9,4,0,0.8,0.5,0][1,10,5,0,1.8,0.5,0][2,11,6,0,2.8,0.5,0]
[2,9,0,1,0.4,0.5,1][1,10,1,1,1.4,0.5,1][2,9,2,1,2.4,0.5,1][1,10,3,1,3.4,0.5,1][2,9,4,1,1.0,0.5,0][1,10,5,1,2.0,0.5,0][2,11,6,1,3.0,0.5,0]
[2,9,0,2,0.6,0.5,1][1,10,1,2,1.6,0.5,1][2,9,2,2,2.6,0.5,1][1,10,3,2,0.2,0.5,0][2,9,4,2,1.2,0.5,0][1,10,5,2,2.2,0.5,0][2,11,6,2,3.2,0.5,0]
[2,9,0,3,0.8,0.5,1][1,10,1,3,1.8,0.5,1][2,9,2,3,2.8,0.5,1][1,10,3,3,0.4,0.5,0][2,9,4,3,1.4,0.5,0][1,10,5,3,2.4,0.5,0][2,11,6,3,3.4,0.5,0]
[5,15,0,4,1.0,0.5,1][1,10,1,4,2.0,0.5,1][2,9,2,4,3.0,0.5,1][1,10,3,4,0.6,0.5,0][2,9,4,4,1.6,0.5,0][1,10,5,4,2.6,0.5,0][5,15,6,4,3.6,0.5,0]
;s
tile=Enemy Fly!
start=0,5
distance=1
time=3
type=1
bonus=0,1,4,0
#Wave 5
#__0123456_
#0*4141414*
#1*1414141*
#2*4141414*
#3*1414141*
#4*4141414*
[4,15,1,0,0.6,0.5,1][3,13,2,0,0.4,0.5,0][4,15,3,0,0.2,0.5,1][3,13,4,0,0.0,0.5,0][4,15,5,0,0.2,0.5,1]
[3,13,1,1,0.8,0.5,1][5,15,2,1,0.6,0.5,0][3,13,3,1,0.4,0.5,1][5,15,4,1,0.2,0.5,0][3,13,5,1,0.4,0.5,1]
[5,15,1,2,1.0,0.5,1][3,13,2,2,0.8,0.5,0][5,15,3,2,0.6,0.5,1][3,13,4,2,0.4,0.5,0][5,15,5,2,0.6,0.5,1]
[3,13,1,3,1.2,0.5,1][5,15,2,3,1.0,0.5,0][3,13,3,3,0.8,0.5,1][4,15,4,3,0.6,0.5,0][3,13,5,3,0.8,0.5,1]
;
tile=Enemy Storm!
start=5,1
time=1
type=1
speed=7
distance=1
path=twirl
bonus=1,1,2
unsafe=[0,0]
#Wave 6
# 2 khong sap xep theo hang cot
#*1*3*4*5*
#**2*4*6**
#*1011101*
#*3333333*
#*0110110*
[4,15,0,0,1.0,1,0][0,6,1,0,1.8,1,0][4,15,2,0,2.6,1,0][0,6,3,0,3.4,1,1][4,15,4,0,4.2,1,1][0,6,5,0,5.2,1,1][4,15,6,0,6.0,1,1]
[0,6,0,1,1.2,1,0][5,15,1,1,2.0,1,0][0,6,2,1,2.8,1,0][5,15,3,1,3.6,1,1][0,6,4,1,4.6,1,1][5,15,5,1,5.4,1,1][0,6,6,1,6.2,1,1]
[3,15,0,2,1.4,1,0][0,6,1,2,2.2,1,0][3,15,2,2,3.0,1,0][0,6,3,2,3.8,1,1][3,15,4,2,4.8,1,1][0,6,5,2,5.6,1,1][3,15,6,2,6.4,1,1]
[0,6,0,3,1.6,1,0][3,15,1,3,2.4,1,0][0,6,2,3,3.2,1,0][3,15,3,3,4.0,1,1][0,6,4,3,5.0,1,1][3,15,5,3,5.8,1,1][0,6,6,3,6.6,1,1]
;
tile=Enemy Space!
start=5,1
bonus=1,2,3
time=1
speed=6
type=1
#Wave 7
#0*0123456*
#1*0123456*
#2*0123456*
#3*0123456*
[6,15,0,2,0,1,1][6,15,1,6,16,1,0]
[6,15,3,3,4,1,0][6,15,2,3,20,1,1]
[6,15,4,5,8,1,1][6,15,5,4,24,1,0]
[6,15,2,4,12,1,0][6,15,3,4,28,1,1]
;
