tile=Bonus1!
start=5,1
time=2.5
type=0
speed-=6
bonus=1,2,1,3
#Wave 1
# Sap xep theo cot
#__0123456_
#0*0000000*
#1*1111111*
#2*0000000*
#3*1111111*
#4*0110110*
[0,2,0,0,0.0,1,1][0,2,1,0,0.2,1,1][0,2,2,0,0.4,1,1][3,7,3,0,0.6,1,1][0,2,4,0,0.8,1,1][0,2,5,0,1.0,1,1][0,2,6,0,1.2,1,1]
[1,3,0,1,1.2,1,0][1,3,1,1,1.0,1,0][1,3,2,1,0.8,1,0][1,3,3,1,0.6,1,0][1,3,4,1,0.4,1,0][1,3,5,1,0.2,1,0][1,3,6,1,0.0,1,0]
[3,4,0,2,0.0,1,1][0,2,1,2,0.2,1,1][0,2,2,2,0.4,1,1][0,2,3,2,0.6,1,1][0,2,4,2,0.8,1,1][0,2,5,2,1.0,1,1][3,7,6,2,1.2,1,1]
[1,3,0,3,1.2,1,0][1,3,1,3,1.0,1,0][1,3,2,3,0.8,1,0][1,3,3,3,0.6,1,0][1,3,4,3,0.4,1,0][1,3,5,3,0.2,1,0][1,3,6,3,0.0,1,0]
[0,2,0,4,1.0,1,1][0,2,1,4,1.2,1,1][0,2,2,4,1.4,1,1][0,2,3,4,1.6,1,1][0,2,4,4,1.8,1,1][0,2,5,4,2.0,1,1][0,2,6,4,2.2,1,1]
;
tile=Bonus2!
start=5,1
time=2.5
type=0
safe=[0,-3.6]
bonus=1,2,2
path=wave,square
speed=6
#Wave 2
# Sap xep theo cot
#__0123456_
#0*0000000*
#1*1111111*
#2*0000000*
#3*1111111*
#4*0110110*
[0,2,0,0,0.0,1,1][0,2,1,0,0.6,1,1][0,2,2,0,1.2,1,1][3,7,3,0,1.8,1,1][0,2,4,0,2.4,1,1][0,2,5,0,3.0,1,1][0,2,6,0,3.6,1,1]
[1,3,0,1,1.2,1,0][1,3,1,1,1.6,1,0][1,3,2,1,2.0,1,0][1,3,3,1,2.4,1,0][1,3,4,1,2.8,1,0][1,3,5,1,3.2,1,0][1,3,6,1,3.8,1,0]
[3,7,0,2,0.2,1,1][0,2,1,2,0.8,1,1][0,2,2,2,1.4,1,1][0,2,3,2,2.0,1,1][0,2,4,2,2.6,1,1][0,2,5,2,3.2,1,1][3,7,6,2,3.8,1,1]
[1,3,0,3,1.4,1,0][1,3,1,3,1.8,1,0][1,3,2,3,2.2,1,0][1,3,3,3,2.6,1,0][1,3,4,3,3.0,1,0][1,3,5,3,3.6,1,0][1,3,6,3,4.0,1,0]
[0,2,0,4,0.4,1,1][0,2,1,4,1.0,1,1][0,2,2,4,1.6,1,1][0,2,3,4,2.2,1,1][0,2,4,4,2.8,1,1][0,2,5,4,3.4,1,1][0,2,6,4,4.0,1,1]
;
tile=Space 3!
start=5,1

time=1.5
speed=7
distance=1
type=1
bonus=1,1,0,1,2,3
#Wave 3
#0*0123456*
#1*0123456*
#2*0123456*
#3*0123456*
[6,10,1,1,0,1,1][1,5,3,1,3.2,1,0][6,10,5,1,6.4,1,0]
[4,10,2,2,0.8,1,0][5,7,4,2,4.0,1,1]
[6,10,1,3,1.6,1,1][6,10,3,3,4.8,1,0][6,10,5,3,8.0,1,0]
[5,7,2,4,2.4,1,0][5,7,4,4,5.6,1,1]
;
tile=Enemy Space!
start=5,1
time=1
speed=6
type=1
bonus=0,1,0,1,2,3
#Wave 4
#0*0123456*
#1*0123456*
#2*0123456*
#3*0123456*
[3,13,1,1,0,1,1][6,10,3,1,1.6,1,0][3,13,5,1,3.2,1,0]
[6,15,3,3,0.4,1,0][6,15,2,3,2.0,1,1][6,15,5,6,3.6,1,0]
[6,15,1,4,0.8,1,1][6,15,0,4,2.4,1,0][6,15,3,6,4.0,1,0]
[3,13,2,4,1.2,1,0][6,15,3,4,2.8,1,1][3,13,0,6,4.4,1,0]
;
tile=Meteorite!
distance=0.9
start=0,-1      
time=1
type=2
thienthach=1
speed=1
bonus=1,2,1,3
unsafe=[0,3.6]
#Wave 5
# 2 khong sap xep theo hang cot
#*1*3*4*5*
#**2*4*6**
#*1011101*
#*3333333*
#*0110110*
[3,2,0,0,1.0,1,0][0,1,1,0,1.0,1,0][0,1,2,0,2.0,1,0][2,6,2,0,4.0,1,0][0,6,3,0,3.3,1,1][0,2,5,0,1.6,1,1][3,6,6,0,2.6,1,1]
[0,1,0,1,1.2,1,0][2,4,1,1,2.2,1,0][1,3,2,1,2.2,1,0][2,5,3,1,4.2,1,0][0,5,2,1,1.4,1,1][1,1,5,1,1.8,1,1][1,5,6,1,2.8,1,1]
[2,3,0,2,1.4,1,0][1,3,1,2,3.0,1,0][2,3,2,2,2.4,1,0][0,5,1,2,1.9,1,1][1,5,4,2,1.0,1,1][3,1,5,2,2.0,1,1][1,5,6,2,3.0,1,1]
[0,1,0,3,1.6,1,0][3,3,1,3,2.6,1,0][3,1,2,3,2.6,1,0][3,5,1,3,5.2,1,1][0,5,4,3,1.2,1,1][1,3,5,3,2.2,1,1][1,5,6,3,3.3,1,1]
[3,3,0,4,2.2,1,0][0,4,1,4,2.8,1,0][1,3,2,4,1.2,1,0][0,5,1,4,5.4,1,1][1,5,4,4,0.2,1,1][1,2,5,4,2.4,1,1][3,6,6,4,3.4,1,1]
;
tile=Space 3!
start=5,1

time=1
speed=6
type=1
bonus=0,1,0,1,2,3
#Wave 6
#0*0123456*
#1*0123456*
#2*0123456*
#3*0123456*
[2,11,1,1,0,1,1][6,20,3,1,1.6,1,0][3,11,5,1,3.2,1,0]
[6,40,3,3,0.4,1,0][3,11,2,3,2.0,1,1][6,40,5,6,3.6,1,0]
[6,20,1,4,0.8,1,1][6,20,0,4,2.4,1,0][5,15,3,6,4.0,1,0]
[6,20,2,4,1.2,1,0][4,15,3,4,2.8,1,1][6,20,0,6,4.4,1,0]
;
start=5,1
bonus=2,2,2,0,1
time=1
type=2
speed=5
bonus=2,2,0,3
#Wave7
#0*0123456*
#1*0123456*
#2*0123456*
#3*0123456*
[3,15,0,0,0.0,1,1][0,5,1,0,1.0,1,1][0,5,2,0,2.0,1,1][0,5,3,0,3.0,1,1][0,5,4,0,4.0,1,1][0,5,5,0,5.2,1,1][3,15,6,0,6.2,1,1]
[1,5,0,1,0.2,1,1][1,5,1,1,1.2,1,1][1,5,2,1,2.2,1,1][1,5,3,1,3.2,1,1][1,5,4,1,4.2,1,1][1,5,5,1,5.4,1,1][1,5,6,1,6.4,1,1]
[3,15,0,2,0.4,1,1][3,15,1,2,1.4,1,1][3,15,2,2,2.4,1,1][3,15,3,2,3.4,1,1][3,15,4,2,4.6,1,1][3,15,5,2,5.6,1,1][3,15,6,2,6.6,1,1]
[1,5,0,3,0.6,1,1][1,5,1,3,1.6,1,1][1,5,2,3,2.6,1,1][1,5,3,3,3.6,1,1][1,5,4,3,4.8,1,1][1,5,5,3,5.8,1,1][1,5,6,3,6.8,1,1]
[3,15,0,4,0.8,1,1][0,5,1,4,1.8,1,1][0,5,2,4,2.8,1,1][0,5,3,4,3.8,1,1][0,5,4,4,5,1,1][0,5,5,4,6.0,1,1][3,15,6,4,7,1,1]
;

